Pesos - camada oculta 1
[[ 1.14169270e-01  1.37341665e-02 -1.23884782e-01  3.14315110e-01
   7.45077804e-02 -8.77537653e-02 -3.44815075e-01  3.84833455e-01
   2.39243507e-02 -1.33959904e-01 -2.55128115e-01  1.22592010e-01
  -1.27053618e-01 -4.03433651e-01 -3.76052596e-02  1.03363805e-01
  -2.71221370e-01  1.69954747e-01 -1.82782605e-01  1.11111261e-01
   1.83386534e-01  1.07966065e-01 -6.31019101e-02  7.46947154e-02
   2.20644519e-01 -1.46285668e-01  2.63712198e-01 -2.14688882e-01
   1.67716041e-01]
 [-2.19862700e-01 -4.27189888e-03 -3.30677867e-01 -2.52873540e-01
  -2.55278528e-01 -1.83773472e-03 -8.60803574e-02  8.49257633e-02
   1.60826504e-01 -6.31538570e-01  2.52027567e-02  2.41574883e-01
   4.25871700e-01  5.71700275e-01  2.40679517e-01  2.22739801e-01
   1.91949606e-01 -7.53346905e-02 -6.60142601e-02  5.81424057e-01
   6.02325678e-01  4.21023160e-01  2.03751296e-01  1.62893996e-01
  -1.04890019e-01 -5.70766777e-02  1.25851318e-01  2.07746744e-01
   1.27919480e-01]
 [-3.16484571e-01 -3.14192235e-01  2.66879648e-01 -2.09482685e-01
  -2.90868849e-01  2.73609679e-04  5.87083757e-01 -2.95556128e-01
  -1.73426405e-01  2.29831606e-01 -4.59413320e-01 -1.22692734e-01
  -3.64379594e-05 -4.61896649e-04 -1.32052958e-01 -3.88677120e-01
   3.25147927e-01 -3.57087463e-01  3.04156076e-02  5.09320557e-01
   1.73015490e-01  9.35339928e-03  2.53653318e-01 -3.30418855e-01
  -5.03982604e-01 -1.20179221e-01 -1.15563571e-01  5.62211633e-01
   6.18701726e-02]]
Bias - camada oculta
[-1.23886831e-01 -6.58023059e-02 -1.17535934e-01  2.70015419e-01
 -1.03424475e-01 -1.18585363e-01 -8.16112012e-03  2.96396136e-01
 -6.27228990e-02 -1.83408260e-02 -8.15597102e-02 -1.45108014e-01
  2.21778446e-05 -5.33144281e-04 -1.42857477e-01  2.85269976e-01
  2.28690296e-01  2.56449699e-01 -1.83707625e-01 -9.59849283e-02
 -2.07874030e-01 -9.43120122e-02 -5.09237573e-02 -1.06521897e-01
  2.26475134e-01 -1.63108170e-01 -1.58083707e-01  1.16593972e-01
 -1.42852217e-01]
Pesos - camada saída
[[ 0.18382174  0.01729464 -0.15693654 -0.14416227  0.15233317 -0.13360825
   0.19329241 -0.19551599 -0.0905544   0.4157677  -0.09869513  0.1611251
   0.27655914  0.25740764 -0.07094523 -0.40049165  0.45096782 -0.33099458
  -0.22581995  0.59867597  0.2980638   0.185146    0.050403    0.12057496
  -0.24939889 -0.14780554  0.30380946  0.3653836   0.21370757]]
