Pesos - camada oculta 1
[[-0.30491182 -0.22716773  0.38781133 -0.08978871 -0.27300823  0.5412965
   0.9527868  -0.0947207   0.44108662 -0.60164624]
 [ 0.09212682  1.7848532  -0.09408182  0.23115148  0.32951248 -0.27767855
  -0.2828222   0.3056637  -0.3983508   1.2960397 ]
 [ 1.1437947   0.7698264  -0.6980657   0.6696043   0.6617814  -1.1741672
   0.6797027  -0.11703044  0.41967294  0.06308945]]
Bias - camada oculta
[-0.32134604 -0.3426187  -1.0300219   0.35376528 -0.770571    0.19880927
 -0.9459972  -1.109425    0.01563882 -0.81980133]
Pesos - camada saída
[[ 0.19394925  0.6336015   0.17679057  0.26679173 -0.0151845  -0.47501364
   0.6935309   0.15558578 -0.19162758 -0.30288324]]
