Pesos - camada oculta 1
[[-3.4459186e-01  2.5103205e-01  2.1249960e-04  5.7024646e-01
   1.0399023e-01  3.6834487e-01 -2.6183507e-01  3.1434226e-01
  -3.5296673e-01  2.2135752e-01 -9.3593907e-01 -3.2797199e-01
   3.4611911e-01 -2.4673958e-01 -5.4002804e-01  1.8944278e-01
   5.4884565e-01 -5.1295704e-01 -1.0528001e+00 -3.9134894e-02
   3.8232055e-01  1.6285615e-01 -2.6278996e-01 -2.7543902e-01
  -9.8603660e-01]
 [ 3.1774405e-01  4.7985937e-02 -2.9949486e-01 -5.3816166e-02
  -1.2909347e+00 -3.0773425e-01 -1.1091262e-01  5.0672984e-01
   1.4912917e-01  3.8140774e-01  4.4405782e-01  6.9474858e-01
   4.1042736e-01  2.0483160e-01  7.6416105e-01 -5.0515449e-01
  -3.4697759e-01  3.4713674e-01  4.8859885e-01  7.0860702e-01
  -4.4757685e-01 -4.0451068e-01 -2.7899516e-01  5.0242782e-01
   4.6731517e-01]
 [ 6.3481629e-01  3.0587405e-01  3.6190838e-01  1.9858855e-01
  -2.9343501e-02  7.5205520e-02  6.1068422e-01 -2.9979321e-01
  -2.7109912e-01  1.7792314e-01 -3.1501937e-01 -5.9847277e-02
   2.4391869e-01  7.5702566e-01  2.0269440e-01  2.8980854e-01
  -5.6395084e-01  1.5794957e-01  7.0930280e-02  4.4718087e-01
  -3.0067128e-01  1.7148988e-01  6.6672689e-01 -1.4910480e-01
   1.6327776e-01]]
Bias - camada oculta
[-0.5847159  -0.33407795 -0.6239025  -0.5334226   0.02137771 -0.82051843
 -0.32863662 -0.8625321  -0.5817636  -0.53765756  0.18903688 -0.4798143
 -0.8334088  -0.6525107  -0.11498157 -0.91077733 -0.6825961  -0.22979884
  0.19261521 -0.49161807  0.47781485 -0.0727144  -0.20166224  0.06557868
  0.25329912]
Pesos - camada oculta 2
[[-0.39855707 -0.52586967  0.41047248 -0.4801811  -0.10008962  0.23949489
   0.6477615  -0.49648222  0.5050107  -0.5150014   0.26450202 -0.3889165
  -0.5226282   0.6569778   0.43751746  0.6052513  -0.7112261   0.4086042
   0.0704862  -0.3153659  -0.3111759  -0.35895613  0.13247164 -0.44148615
   0.3240386 ]
 [-0.1278687  -0.26036593 -0.30248696  0.02906612 -0.11738326 -0.84968
  -1.2316786  -0.14370781 -0.54974365 -0.5507318  -0.7241362   0.19940202
  -0.03529835 -0.13008884 -0.691002   -0.08946253  0.18451753 -0.48520836
   0.01535918  0.0727131   0.14687358 -0.60549414 -0.8313387   0.06814174
  -0.4621235 ]
 [ 0.8572961   0.8183272  -0.01797799 -0.08482307  0.27612317 -0.48943505
  -0.43764788  0.23905946 -0.21872693  0.2792123  -0.3266642   0.32610086
   0.32174703 -0.05518809 -0.2713781  -1.0259228   0.46116835 -0.48771435
  -0.9205479   0.41976184  0.56335163 -0.56311905 -0.62991804  0.17651793
  -0.52590317]
 [ 0.25416598  0.715411   -0.29666302  0.05884623  0.10689126 -0.3633453
  -1.2961107  -0.3657837   0.12170009  0.3080473  -0.34179696  0.51002616
   0.04635963 -1.1968346  -0.3416919  -0.14465627  0.04605012 -1.1078482
  -0.3712631   0.3542867   0.25473604  0.263533   -0.5131147   0.45966178
  -0.78501576]
 [-0.40270054 -0.77215576  0.7979014  -1.2200922  -0.6635767  -0.5051802
  -0.1443337  -1.2103465   0.14046492 -0.3122178   0.19995172 -0.8278098
  -0.30581954  0.38387382 -0.24225262  0.4391715  -0.47307566 -0.50846
  -0.2693095  -0.78744596 -0.4091192  -0.83532983 -0.5581964  -0.73401546
   0.06218459]
 [ 0.37779263 -0.30362093  0.35162765  0.33067968  0.01475526 -0.02196888
   0.20211266 -0.10955963  0.54844123 -0.30580354 -0.40670255 -0.59271
   0.81885165  0.019166   -0.33300397  0.03458912  0.0814518  -0.6188602
  -0.42598513 -0.5462058   0.0781013  -0.2935259  -0.5279127  -0.33275864
  -0.7988892 ]
 [-0.27142498 -0.85522145  0.59716886 -0.86162037  0.11570764 -0.14314438
   0.57015634  0.04418556  0.52887374 -0.63229555  0.34378943 -0.37760484
  -0.8397796   0.37732914 -0.98864317  0.1140657  -0.28345534  0.3590126
  -0.12806322 -0.7318512  -0.60259736 -0.4022569  -1.1591059  -0.36592945
   0.10572175]
 [-0.4086296  -0.91901934  0.71723706 -0.5404888  -0.16478309  0.40448922
   0.6306057  -0.16757792  0.36275575 -0.6642551   0.44880074 -0.32771394
  -0.3127905   0.33955634 -0.71971416  0.545686   -0.8042659   0.48844218
   0.36046016 -0.4514812  -0.6689205  -0.36341324  0.72781503 -0.7390039
   0.54252565]
 [-0.21770358 -0.3108906   0.65620583 -0.422677    0.4506295  -0.9665881
  -0.14551297 -0.08597287  0.06656264 -0.48556763  0.28960764 -0.6312961
  -0.71273357  0.13856466 -0.6768411   0.00317638  0.0511496   0.3458511
   0.20180415 -0.33519715 -0.15983105 -0.4614175  -0.7491207  -0.4067648
   0.34975836]
 [-0.7685907  -0.0385026   0.09992968 -0.36157462  0.29561186 -0.9138297
  -0.39338163 -0.1944963  -0.15029624 -0.6156433   0.51256937  0.10992797
  -0.64907223  0.27921748 -0.98036087  0.09517047 -0.3115783   0.13568278
  -0.0039549  -0.38562596 -0.13296764 -0.56015027 -0.6332711  -0.5715475
   0.32916293]
 [-0.11941828 -0.78104174  0.5381877  -0.5810848   0.5760805   0.020369
   0.1152469   0.08717141  0.2355114  -1.1922654  -0.9172856  -0.24895895
   0.0243689  -0.3564518  -0.83473206 -0.75117177 -0.06654048 -0.8273687
  -0.827577   -0.330805   -0.0607172  -0.527936   -0.861054   -0.9539853
  -1.0199739 ]
 [-0.7832196  -0.4665322  -0.20764288 -0.5928421   0.27253988 -0.6270302
  -0.11218302 -0.5080317  -0.37497798 -0.7243366   0.3698078  -0.07858662
  -0.6838947  -0.314422   -0.662605   -0.1019484  -0.24554072 -0.72058177
  -0.03154746 -0.39258102  0.02272473 -0.67362744 -1.0121808  -0.9824744
   0.14792225]
 [-0.9401397  -0.14215538 -0.40741232  0.61114234  0.77175957 -0.48185396
  -0.685222   -0.24544589 -0.05217541  0.23635653 -0.43552175  0.0481351
  -0.748296   -0.55882174 -0.6668533   0.12923546 -0.1692527  -0.5930911
  -0.19565412 -0.2991085   0.17687689 -0.7790433  -0.66794556 -0.81962216
  -0.34611467]
 [-0.7409357  -0.8651141   0.4185001  -0.70958734  0.2589387   0.04472595
   0.58693695 -0.25278777  0.17363903 -0.39823267  0.2976891  -0.59258217
  -0.270235    0.6225293  -0.8360096   0.17567086 -0.90904105  0.6619217
   0.01577968 -0.54249626 -0.18922642 -0.49508727 -1.0285206  -0.85440415
   0.31704587]
 [-0.19608308 -0.6339583   0.12012423 -0.5499646   0.2973875  -0.23646535
  -0.03893914  0.07922157  0.1577927  -0.9934789  -0.7372098  -0.774567
  -0.73774904  0.21003382 -0.52341247 -0.4122819  -0.25887346 -0.55346656
  -0.0707602  -0.84955657 -0.03045077 -0.72268283 -0.45407307 -1.044924
  -0.26521248]
 [ 0.74234694  0.02911428  0.00980582  0.6027114   0.6219096  -0.46767464
  -0.72407687  0.20405097 -0.43226212  0.5295857  -0.43659124  0.6661928
   0.70046043 -0.32489842 -0.29103345 -0.05894297  0.50411594 -0.13244148
   0.38482404  0.34366658  0.4824643  -0.48111024 -0.27177632 -0.6111188
  -0.56408614]
 [ 0.2000112   0.3679131   0.486881   -0.18446006  0.36243883 -0.05308494
  -0.36867672  0.07985292  0.21577151  0.92018884 -0.96808434  0.37589556
   0.47517776  0.04293874 -0.73071367 -0.59247875  0.5304995  -1.2740135
  -0.8135332   0.19522351  0.36323234 -0.7007224  -0.82131433  0.25633758
  -1.191574  ]
 [ 0.36563665  0.6550965  -0.47895822  0.07530493  0.43685085 -1.0187707
  -0.675977    0.4090064  -0.76314414 -0.17534132 -0.50825095  0.2925258
   0.2892837  -0.25777286 -0.44214284 -0.11775872  0.02882924 -0.41958392
  -0.38974038  0.23981163  0.44113666  0.32052562 -0.28455594  0.00963421
  -1.1224982 ]
 [ 0.31530687  0.3471044  -0.6548499  -0.6024913   0.32175353 -0.76996315
  -0.5460944   0.48718762 -0.5697579  -0.18500547 -0.5391228   0.5011277
   0.51141363 -0.96364903 -0.8101482  -0.14945799  0.3625033  -0.7147784
  -0.88781506  0.7333579   0.6954179   0.5751023  -0.484985   -1.0668252
  -0.5365006 ]
 [-0.7474062  -0.8878633   0.03104284 -0.7535044  -0.07702067 -0.1637217
  -0.2796598  -0.7510198   0.3204434  -0.5562977   0.61400616 -0.35535148
  -0.5920958   0.16233076 -0.32301944  0.15149921 -0.7183233  -0.02563017
   0.10091745 -0.40852988 -0.41063303 -0.67045194  0.5302192  -0.6218424
   0.05672578]
 [-0.3326074  -0.26110145  0.2632439  -0.5569386  -0.05869666  0.29359335
  -0.0305236  -1.0908484   0.05811425 -0.60349005  0.26118422 -1.012773
  -0.8585213   0.16439141 -0.25647718  0.00591659 -1.0062917  -0.23934372
  -0.54388463 -0.94374937 -0.4443746  -0.6558578  -0.52317643 -0.8827598
  -0.16338849]
 [-0.789508   -0.4925873   0.52196497 -0.23683251  0.0841013  -0.2791729
  -0.14061911 -0.7670476   0.16829053 -0.45003083  0.09172139 -0.80506235
  -0.85525733  0.0051343  -0.28978872  0.14040494 -0.76536536 -0.02045866
  -0.4256033  -0.44024006 -0.31713036 -0.30178577  0.01226137 -0.7774322
   0.17604913]
 [-0.6288482   0.25356156  0.7558099  -0.62385976  0.284407    0.21027349
  -0.3618483   0.14498955  0.17774527 -0.7694327   0.14779933 -0.61328655
  -0.10004313  0.12604104 -0.92679304 -0.03439045 -0.03398679  0.46101117
  -0.31556994 -0.32993257 -0.1949893  -0.84496164 -0.78126603 -0.29823437
   0.09326038]
 [-0.15867685 -0.57715696 -0.00906262 -0.43017426  0.08233173 -0.51930875
  -1.3665086  -0.3995057  -0.03749418 -0.14528598 -0.95611095  0.31125724
  -0.26669255 -1.232215   -0.6978706  -0.2128885   0.01302726 -0.36822155
  -0.15130672  0.17395483  0.3675967  -0.2543368  -0.8431879  -0.30390194
  -0.4284075 ]
 [ 0.3252704   0.36723924 -0.872151   -0.35463482  0.55178356 -1.1685354
  -1.204276    0.36674646 -0.9945595  -0.21306194 -0.6601908   0.18843508
  -0.2692119  -0.02625144 -0.7169266  -0.4204367   0.145361   -0.7655402
   0.01485481  0.15033723  0.6822551  -0.7343249  -0.6160267   0.34670413
  -0.809559  ]]
Bias - camada oculta 2
[-0.5534826  -0.60030544  0.222299   -0.4677556   0.2997658  -0.61607623
 -0.18539707 -0.29405612  0.08472023 -0.8449549  -0.70692873 -0.71701854
 -0.61944693 -0.01395611 -0.7102293  -0.08292121 -0.27171063 -0.81959623
 -0.2232761  -0.5846101  -0.32532847 -0.6005442  -0.7289267  -0.68260455
 -0.7680765 ]
Pesos - camada saída
[[-0.09895814 -0.49715146 -0.43654007  0.3267343   0.35061094  0.06656623
  -0.12897432  0.0815139  -0.0615131  -0.12853262  0.23547362  0.01044857
  -0.24551423 -0.07746281  0.592836   -0.03273283  0.00342007  0.4891183
   0.3149957  -0.03810205  0.14976393 -0.26552856  0.36562493 -0.57253367
   0.13618165]]
