Pesos - camada oculta 1
[[ 1.11792549e-01  1.43151321e-02 -1.21832915e-01  3.20638567e-01
   7.21524507e-02 -8.77100378e-02 -3.31382513e-01  3.90643865e-01
   3.69706899e-02 -1.38755664e-01 -2.50561088e-01  1.15492553e-01
  -1.10919431e-01 -4.00817066e-01 -4.02516238e-02  1.09720379e-01
  -2.67851472e-01  1.73663333e-01 -1.74748600e-01  1.18079968e-01
   1.91415906e-01  1.07715510e-01 -5.66153638e-02  7.07163513e-02
   2.24868417e-01 -1.45611092e-01  2.62261540e-01 -2.08159775e-01
   1.70653179e-01]
 [-2.28380337e-01 -3.53121571e-03 -3.22459608e-01 -2.66303629e-01
  -2.64209121e-01  2.05532205e-03 -5.91789447e-02  8.09121281e-02
   1.63833216e-01 -6.80180311e-01  7.93962460e-03  2.61658043e-01
   4.16768581e-01  5.59495866e-01  2.46136650e-01  2.05138877e-01
   2.13376358e-01 -7.40045905e-02 -3.64473574e-02  5.70755661e-01
   6.00632250e-01  4.22261328e-01  1.95073649e-01  1.59076244e-01
  -9.78635475e-02 -6.16599247e-02  1.28391460e-01  2.05887333e-01
   1.36066034e-01]
 [-3.10872108e-01 -3.12836021e-01  2.61694461e-01 -2.29886502e-01
  -2.84086347e-01  6.48742367e-04  5.74509144e-01 -3.17100406e-01
  -1.75416157e-01  2.30447441e-01 -4.61498976e-01 -1.14672206e-01
  -8.40927896e-05 -3.39609087e-02 -1.20695606e-01 -3.99125546e-01
   3.09071779e-01 -3.63678396e-01  1.50026372e-02  5.06935477e-01
   1.61803067e-01  1.20322220e-02  2.51173198e-01 -3.27696294e-01
  -5.11524916e-01 -1.14512071e-01 -1.07672073e-01  5.56161344e-01
   6.90892786e-02]]
Bias - camada oculta
[-1.26494095e-01 -6.67830780e-02 -1.20299615e-01  2.76696861e-01
 -1.07549384e-01 -1.18043527e-01 -8.57578125e-03  2.91188955e-01
 -6.35274723e-02 -4.45213576e-04 -7.67299756e-02 -1.46197245e-01
  4.33672212e-05  4.17285971e-02 -1.39595821e-01  2.74774283e-01
  2.39240766e-01  2.60394990e-01 -1.92032486e-01 -8.07947591e-02
 -1.94431290e-01 -1.02067254e-01 -5.11824451e-02 -1.08029425e-01
  2.29209512e-01 -1.65115267e-01 -1.58261895e-01  1.18849427e-01
 -1.40372008e-01]
Pesos - camada saída
[[ 0.18149643  0.01380941 -0.1587524  -0.15259872  0.15047114 -0.13299097
   0.18171704 -0.20299627 -0.09999216  0.44312802 -0.09917141  0.16022997
   0.25578701  0.25424683 -0.06602021 -0.40918753  0.4422499  -0.3404661
  -0.23229711  0.5811163   0.29338765  0.18900792  0.04557543  0.11626951
  -0.25648844 -0.14888157  0.3009525   0.35741043  0.21875463]]
