Pesos - camada oculta 1
[[ 0.19250378 -0.11233999 -0.17496088 -0.2498703   0.097753   -0.09662873
   0.2070499  -0.23354478 -0.02558225 -0.01571007 -0.3347815   0.1794062
   0.02380882  0.2114869  -0.03557225 -0.0570539   0.0034831  -0.01224239
  -0.2543369 ]
 [ 0.56228817  0.55899525  0.280604    0.09636751  0.39436272 -0.20379123
  -0.46683654  0.5734907   0.03557536  0.5067592  -0.50996995  0.02645772
  -0.4265108  -0.41657054 -0.53225195 -0.04192175 -0.2832004   0.0626361
   0.15621774]
 [-0.29286885  0.03398222  0.11329346  0.3977693   0.6117165   0.3711654
   0.01836418  0.15672345 -0.11893164 -0.20443122  0.37141943  0.6484509
   0.42252257  0.12343463 -0.02641545 -0.24899045 -0.12697873  0.01480497
  -0.10026652]]
Bias - camada oculta
[-0.08051581 -0.03661057 -0.13864139  0.06413963  0.05588439  0.02677307
 -0.01407306  0.06473704  0.01122547 -0.08016625  0.071887   -0.03630861
 -0.07438222  0.00779423  0.0616175   0.01301985 -0.00439793  0.00608972
 -0.08310699]
Pesos - camada saída
[[ 0.17200652  0.2777014  -0.23583156  0.34035867  0.42465395 -0.12720564
  -0.25481072  0.200909   -0.07767181  0.22347514 -0.35086152  0.20511809
   0.08721383 -0.32100755 -0.3083919  -0.1077553   0.01803068 -0.05411701
  -0.31046247]]
