Pesos - camada oculta 1
[[ 0.44327402  0.6466934  -0.44340268  0.15322715  0.50308925 -0.1997721
  -0.02708196]
 [ 0.24392436 -0.44582763  0.09084725 -0.92421466  0.8213007   0.06871977
   0.11803401]
 [-0.31061772 -0.12145661  0.09016782  0.15902464 -0.780954    0.9293865
   0.8762015 ]]
Bias - camada oculta
[ 0.16918352 -0.6354293  -0.28991768 -0.24114798 -0.27548906 -0.13801134
 -0.49818796]
Pesos - camada oculta 2
[[ 0.18796098  0.20677495 -0.4024656  -0.36068553  0.20024942 -0.26624003
   0.21339118]
 [-0.18828918 -0.35407686  0.42131007 -0.9844913   0.23467098  0.3562278
   0.01494345]
 [-0.09423383 -0.20580862  0.02210591  0.10407518 -0.36943325  0.42710432
   0.34586632]
 [ 0.3042619  -0.26209798  0.53019637 -0.31527877 -0.6339753   0.79801536
   0.32698637]
 [ 0.6833807  -0.2218092  -0.51724255 -0.7649643  -0.22152135 -0.94303286
   0.1225263 ]
 [-0.23009755  0.44848782  0.15607558 -0.07180838  0.04218348  0.2592655
   0.23480725]
 [ 0.7929345   0.9773455   0.1285071   0.3796125   0.23556753 -0.3603482
   0.6626658 ]]
Bias - camada oculta 2
[ 0.24281505 -0.44572303  0.30624872  0.3983947  -0.45768842  0.57845056
  0.1118991 ]
Pesos - camada saída
[[ 0.43470395  0.44869727 -0.61524343  0.412611    0.26932463 -0.61137754
   0.12063976]]
