Pesos - camada oculta 1
[[ 0.31607437 -0.01453835 -0.02857095 -0.6014415   0.03155531 -0.39721242
   0.2294237   0.361512    0.02344324]
 [ 0.67207575 -0.5121074   0.14719222  0.5120927   0.26153633 -0.7772755
  -0.67020535  0.35558987 -0.52376276]
 [-0.21322916  0.784553    0.5800493   0.2182727   0.1120351   0.04532527
  -0.2699321  -0.6278396   0.37417123]]
Bias - camada oculta
[-0.23989236 -0.39897522  0.15578862  1.0009813   0.03444246  0.20551038
  0.7117579   0.3381338   0.4093236 ]
Pesos - camada saída
[[ 0.4943452   0.09733497 -0.23469512  0.4566966   0.26380414 -0.7002132
  -0.4522511  -0.23250645 -0.17874898]]
