Pesos - camada oculta 1
[[ 0.44262832  1.1225629  -0.28168184 -0.42769417 -0.1934405   0.39576444
   0.6980455  -1.019458   -1.0751535 ]
 [ 0.47808495 -0.20201947  0.5813551   0.33687744  0.28927347 -0.63730145
  -0.18606864  0.1782492  -0.540552  ]
 [-0.4357112   1.427359    0.29594073  1.4168658   0.05489747  0.16263779
  -0.786908   -1.4155895   0.35770512]]
Bias - camada oculta
[-0.56484526 -1.112823   -0.65115345 -1.4952009   0.64455676 -1.2504011
  1.3984708   1.1073446   0.100193  ]
Pesos - camada saída
[[ 0.25984603  0.6496673  -0.16009772  0.58729523  0.24038255 -0.25773108
  -0.6210554  -0.36385214  0.04588834]]
