Pesos - camada oculta 1
[[-0.61231416  0.02240138  0.17687818 -0.39716622 -0.33932534  0.2582911
  -0.3805824   0.14849266  0.60458755  0.55785125  0.1237734   0.3440591
  -0.03100654  0.34226936  0.10873017 -0.19075722 -0.19141573]
 [ 0.41869208 -0.8983389  -0.01262906  0.76653516  0.32890078  0.16102363
   0.2896149   0.11770418 -0.77150035 -0.1818435  -0.00187407  0.79025906
  -0.38605455 -0.2657406   0.28484443  0.40766507 -0.6116259 ]
 [ 0.4141314  -0.509783    0.04537045  0.70924115 -0.85744125 -0.20670243
   0.09358912 -0.33434954 -0.3028826  -0.2600582  -0.01425503  0.5919063
   0.46764112 -0.8268865   0.8887815   0.76526165  0.54203117]]
Bias - camada oculta
[-1.1398787  -0.40166482 -0.6041505   0.40437868 -0.10713889 -1.1594974
 -0.483834   -0.7820889  -0.7755106  -0.7364141  -0.70240366 -0.06599014
 -0.38101557  0.07494732 -0.95287895 -0.08901889 -0.27778846]
Pesos - camada oculta 2
[[ 0.7589454  -0.1743434  -0.31796762 -1.0321401  -0.36059222 -0.20453374
   0.47453713 -0.82065815 -0.7396966  -0.79520345  0.1981335  -0.3453568
  -0.4445475   0.46100274 -0.59306115 -0.06919563  0.21957004]
 [-0.77993804 -0.970545    1.1391642  -0.4620695  -0.30757788 -0.08312443
   0.61111903 -0.7098896   0.29489818 -0.18878232  0.5218964  -0.3106844
  -1.0764083   0.09445877 -0.46960247 -0.8199647  -0.7638081 ]
 [ 0.6557223   0.10785514  0.37291846  0.59604955  0.28480124 -0.71026605
  -0.39768875  0.8264274  -0.24778391  1.164746   -0.42335683  0.4510435
   0.6395444  -0.8404728  -0.2378209   0.4109038   0.8002402 ]
 [ 0.6874439   0.2871707  -0.1597076  -0.09334935  0.699315   -0.5691439
  -0.5760514  -0.12981579 -0.9718705   0.6053371  -0.94756514 -0.19989944
   0.4018815  -0.14557217 -0.9894774  -0.12788852  0.5058057 ]
 [-0.4362624  -0.8776669   0.40436062 -1.0207123  -0.62565744 -0.3047645
   0.6615814  -0.93986195 -0.45897004 -0.09611446  0.1924695  -0.7257021
  -0.5281459  -0.23335086 -1.0271103   0.06235171 -0.46911812]
 [ 0.01196161 -0.40630192  0.0151247  -1.2430862  -0.26218647 -0.1505878
   0.2799413  -0.8533704  -0.49557576 -0.8120196   0.4331377  -1.0390507
  -0.6075829   0.73105407  0.39618713 -0.9302271   0.12409484]
 [ 0.8790062   0.00426812 -0.03578609  0.1100506   0.49669743 -0.7912525
  -0.5387809   0.9363209  -0.60816306  0.42115316 -0.24638066  0.9439972
   0.6698185  -0.16597214 -0.5733759   0.00725664  0.42364064]
 [ 0.06965377 -0.28380015  0.27736264 -0.05042404  0.43782738 -0.19445364
  -0.68297625  0.10753693 -0.69493866 -0.95045686 -0.74530536  0.20718272
   0.05623915 -0.5822447  -0.28163597 -0.13844383  0.39250785]
 [-0.3481426  -0.21304311 -0.17484297 -0.00697756 -0.784351   -0.98444605
  -0.77271205 -0.42187202 -0.6015908  -0.7502261  -0.25578204 -0.10920915
   0.16533047 -1.2511294   0.08699969 -0.96606797 -0.10025742]
 [ 0.42949164  0.29703188 -0.2549052   1.0353919   0.91549224 -0.40698713
  -0.6425884   0.5982937  -0.33995447  0.9504634  -0.65031236  0.28601357
   0.452715   -0.5643094  -0.76239675 -0.49018776  0.4203807 ]
 [ 0.4537363   0.62658185  0.30587488  0.75958407 -0.96915126 -0.42516267
  -1.0047852   0.78234714 -0.5369924   0.47670662 -0.18890955  0.22787258
   0.8036417  -0.7275225  -0.6095857  -0.2622185   0.893593  ]
 [ 0.5403535  -0.09046033 -0.09141119 -0.47753572 -0.86181664 -0.7654987
  -0.73722523 -0.33199334 -0.71025854 -0.32390016 -0.44870746 -0.7684681
  -0.16682667 -0.5291532  -1.1263374   0.6976516   0.13419098]
 [-0.42096782 -0.9926987  -0.15729548 -1.027475   -0.6165115   0.30003342
   0.49505445 -0.5812852  -0.31849325 -0.5241134   0.59824705 -0.5481044
  -0.6122245   0.8734634   0.2953047  -0.39880472  0.03172589]
 [ 0.01273529 -0.9105499   0.6382     -0.56349325 -0.83528674 -0.04669124
  -0.3523275  -0.5411098   0.27043563 -0.7909651  -0.16354993 -0.7512709
  -1.3271049  -0.24055263 -0.03382907 -0.50060767 -0.83570683]
 [ 0.30793637 -0.5658528   0.36718738 -0.61254126 -0.46442932 -0.05452263
  -0.687985   -0.15369336 -0.55150706 -0.45361722 -0.479899   -0.67513305
  -0.04685577 -0.14124532  0.2580235  -0.49970004  0.12377071]
 [ 0.5030149   0.17710692  0.19192746  0.02795856 -0.87778264 -0.88463426
  -0.4194573  -0.16998568 -0.8328133  -0.34469685 -0.6605552  -0.32685345
  -0.1709693  -0.74125004 -0.33490577 -0.1550801   0.2612857 ]
 [-0.53277445 -0.87579054 -0.16543043 -0.7850034  -0.4577289  -0.07486668
  -0.2511711  -0.43071523 -0.63351953 -0.13751084 -1.1608447  -1.0552739
  -0.53107005  0.8489629  -0.3780781  -0.68421835 -0.2937101 ]]
Bias - camada oculta 2
[ 0.2095289  -0.3216021   0.26987132 -0.77745646 -0.6005423  -0.6005204
 -0.97157013 -0.40311486 -0.60053617 -0.5051414  -0.6587228  -0.7454412
 -0.1921449  -1.1132216  -0.6674394  -0.30716577  0.09181244]
Pesos - camada saída
[[ 0.50757694 -0.0106664  -0.37742832  0.18846194 -0.27078676  0.31912982
  -0.32921776 -0.24143144  0.40696716  0.05895484  0.14316149 -0.29332876
   0.02378505 -0.01196683  0.37003165 -0.04531644  0.26632175]]
