Pesos - camada oculta 1
[[-0.44889683 -0.7303842   0.42381394 -0.5816665  -0.42741656  0.5714864
   0.99713206  0.07392006  0.8359703  -0.78785616]
 [ 0.0128395   0.7783981  -0.6633979  -0.67274445  0.41167533 -1.0605713
   0.4626537   0.37223288 -0.99460554  1.0519077 ]
 [ 1.4516591   0.9929414   0.18744594  0.7140758   0.68269175 -1.3119518
   0.66266984 -0.07069762 -0.4899704  -0.08333778]]
Bias - camada oculta
[-0.59429294 -0.04115479 -1.0743806  -1.2827673  -0.7794432  -0.3293377
 -0.2662154  -1.2128395  -0.25706732 -0.31136364]
Pesos - camada saída
[[ 0.0627891   0.4839053   0.31822467  0.38816652 -0.2790536  -0.5017663
   0.33490548 -0.18825534 -0.04310721  0.20787011]]
