Pesos - camada oculta 1
[[ 0.1575128   0.02078613 -0.09993695  0.24136472  0.11937076 -0.06669568
  -0.38260522  0.2465162  -0.02322751  0.01461868 -0.23840065  0.14351472
   0.0202723  -0.36091346 -0.05097092  0.07418618 -0.13343266  0.12363388
  -0.17813098  0.23013079  0.20777772  0.16835338 -0.02459     0.08975189
   0.16689584 -0.1163577   0.29947814 -0.14485738  0.19022083]
 [-0.20664527  0.01079139 -0.39066792 -0.42624965 -0.22312187  0.04611124
  -0.0407076   0.03479356  0.10032452 -0.23154163 -0.26018095  0.32622203
   0.31960484  0.34693044  0.25189373  0.0230728  -0.01294605 -0.23295967
  -0.06380524  0.41949984  0.5974484   0.367301    0.33277184  0.20931363
  -0.3605113  -0.21892746  0.18060686 -0.00613785  0.13353428]
 [-0.27218315 -0.311887    0.23671176 -0.41543657 -0.23762217  0.05506809
   0.2916363  -0.56345874 -0.2094272   0.24579239 -0.498556   -0.12444143
  -0.03244058  0.19733687 -0.13546301 -0.48584524  0.29715466 -0.41602588
  -0.05770499  0.2576203  -0.05168622 -0.04592948  0.3012104  -0.3165447
  -0.54485434 -0.25465828 -0.09936024  0.47736984  0.03350386]]
Bias - camada oculta
[-1.28874630e-01 -6.82965964e-02 -1.79496944e-01  2.41895124e-01
 -1.28498226e-01 -1.37644425e-01  2.54712045e-01  1.98136613e-01
 -9.01063830e-02 -9.69257727e-02 -1.11934334e-01 -1.15727678e-01
 -7.02240244e-02  3.18848521e-01 -1.04693972e-01  1.51077688e-01
  1.82332442e-04  2.32640922e-01 -2.16922045e-01 -1.49348959e-01
 -1.07114039e-01 -9.55312774e-02 -6.27945140e-02 -1.16316050e-01
  2.77170688e-01 -2.29221821e-01 -1.34044573e-01  9.36078560e-03
 -1.28850803e-01]
Pesos - camada saída
[[ 0.17875202 -0.0104392  -0.15524995 -0.13669677  0.14289469 -0.11998761
   0.3029367  -0.15557078 -0.14939484  0.07193334 -0.16558504  0.18951717
   0.1263951   0.32809252 -0.07665353 -0.4292934   0.17355262 -0.3387278
  -0.22655825  0.24776018  0.2618118   0.20817448 -0.09592075  0.12530906
  -0.26657614 -0.23916852  0.3208841   0.20638373  0.22305718]]
