Pesos - camada oculta 1
[[ 0.10856365  0.01400852 -0.09959935 -0.27848902  0.08020913 -0.03385087
   0.1587599  -0.24733233 -0.0211398   0.02023983 -0.17474827  0.08407177
   0.01267     0.18517502 -0.04148498 -0.0169178  -0.00315649  0.08661655
  -0.16073821  0.17562044  0.16944577  0.11542979  0.14749767  0.0483853
  -0.08342193 -0.10132613  0.21422169 -0.12404981  0.13230582 -0.12120587
   0.1761269  -0.19323407  0.00070967 -0.13738807  0.09060579 -0.07699388
  -0.06617191  0.05970699 -0.1245982   0.10365977  0.04293095  0.05922863
   0.16263923  0.18478654  0.0213621   0.17841743  0.28110158 -0.04866675
   0.1548326   0.19258338  0.09344895  0.09873794 -0.00223887]
 [-0.03431635 -0.10600274  0.03301233  0.2472441   0.10220836 -0.28184727
  -0.43126562  0.44501892 -0.30973765 -0.19755228  0.03569598  0.4363714
  -0.27596083 -0.05749737  0.02146231 -0.2835586  -0.15405482 -0.1134482
   0.04152268  0.00485597 -0.15520427  0.15145242 -0.07954921  0.23199807
   0.25429833  0.02523601 -0.02035017  0.40348682 -0.24096061 -0.3610761
  -0.06602465 -0.12800136  0.27460623 -0.0465634  -0.21554568 -0.3545259
   0.41305113 -0.0291284  -0.2787578  -0.25269914  0.20092201 -0.05673913
  -0.13876654 -0.23424093  0.21012452 -0.03963073 -0.10218498  0.18407242
  -0.1848466   0.4094802  -0.1532291  -0.20718738 -0.23412436]
 [-0.00329709 -0.08628956  0.03497856  0.21441099  0.09530064 -0.306385
   0.25846335  0.40174422  0.22727343  0.42545873 -0.08080257 -0.0224665
  -0.03080571 -0.35260758  0.0264735  -0.3224177  -0.02769105 -0.24120496
   0.1555357   0.09582622  0.38622496  0.02533138 -0.4214964  -0.02016634
   0.14891696 -0.07100148  0.10569943  0.25823626  0.38844234  0.3341204
  -0.29745626  0.06647557 -0.38218182  0.10231411 -0.16752379 -0.39000967
   0.20597436 -0.02659517 -0.08902343 -0.26931387  0.40479228  0.25819424
   0.36430332  0.20954484  0.39632723 -0.4044469  -0.20325622 -0.3141426
  -0.11882611 -0.20880596  0.34236142  0.3548655  -0.02755376]]
Bias - camada oculta
[-0.09212636 -0.05136405 -0.11535148  0.26780608 -0.09494594 -0.13130279
 -0.01529891  0.22235394 -0.11288771 -0.07431292 -0.1186261  -0.0994085
 -0.06265365  0.12464865 -0.09297648 -0.09717841 -0.04179395 -0.01046161
 -0.1264519  -0.09535682 -0.09623234 -0.09446318  0.14340325 -0.09452505
 -0.0239431  -0.11538635 -0.09799995 -0.02311182 -0.09469973 -0.15962234
  0.14309272 -0.15132394 -0.11645314 -0.1788368   0.00398187 -0.1910277
 -0.09529726 -0.07865659 -0.06461894  0.07753332 -0.06352399 -0.08899324
 -0.09588105 -0.09643131 -0.05328071  0.13130859  0.19754069 -0.16564886
 -0.10048473 -0.10987613 -0.09223101 -0.09263684 -0.03672535]
Pesos - camada saída
[[ 0.13864979  0.01450303 -0.13306539  0.3040036   0.11368286 -0.24201615
  -0.18989585  0.25984403 -0.08491896  0.05686767 -0.19827645  0.13228422
   0.05781354 -0.21465963 -0.07695848 -0.2242207   0.03243171 -0.2505269
  -0.17030983  0.19054392  0.19332772  0.13390537 -0.2200222   0.09443074
   0.06645984 -0.12821667  0.23053914  0.2461647   0.15832543 -0.11389706
  -0.23871954 -0.20233706 -0.4483694  -0.14912277 -0.03618788 -0.27915424
   0.20725983  0.08770116 -0.09564228 -0.19965363  0.12874892  0.0911962
   0.18633619  0.20486705  0.13639607 -0.21406928 -0.22195293 -0.1807221
   0.18693818  0.21649402  0.12186107  0.12645982  0.02942622]]
