Pesos - camada oculta 1
[[ 0.2031302   0.11657383 -0.35209408 -0.03044252  0.18891542 -0.13970828
  -0.02899258 -0.03398764 -0.1265725   0.20974274 -0.5256338   0.23738597
   0.11822807  0.00877926 -0.06047061 -0.3144554   0.24400945 -0.11071556
  -0.31728128  0.48031843  0.35269088  0.2862238  -0.0234766   0.19419745
  -0.03925668 -0.36368346  0.36132267  0.17481728  0.24010938 -0.22269046
  -0.12792467 -0.41046792 -0.13401994 -0.47661483  0.06911377 -0.20768513
   0.14827386  0.19367498 -0.32800174 -0.2645571   0.26011467  0.16734135
   0.3244625   0.27105182  0.06518946  0.05072246 -0.00250709 -0.22366132
   0.30982926  0.39489487  0.30653837  0.3618858   0.06086145 -0.08563081
  -0.21854885  0.19975875  0.12425919  0.0396213 ]
 [-0.27683926 -0.21142519  0.24295107 -0.21191975 -0.27436683  0.05588231
   0.2656332  -0.20574376 -0.09358697  0.06304672 -0.2234876  -0.19946852
  -0.08691216  0.01961396 -0.05041078 -0.17954537  0.07191374 -0.18715693
   0.11929935  0.12120027  0.06902725 -0.01690435  0.19923303 -0.30265903
  -0.27878886  0.01887594 -0.17262906  0.18889825  0.02564522 -0.29786333
  -0.22467615  0.26103187 -0.17238973 -0.11391368 -0.26805964  0.05257114
  -0.15231602 -0.24353348 -0.28773844  0.16515873  0.08064649 -0.203823
   0.14578132 -0.07598577  0.22696167 -0.18569778 -0.27049887 -0.25308502
  -0.02791419 -0.17612222  0.03266714  0.1280763   0.04729315 -0.13918926
   0.26510146  0.17257658  0.10703346  0.27626443]
 [ 0.08498548 -0.10577513 -0.14968611 -0.119672    0.01605902 -0.2477265
   0.02848601 -0.0763265   0.27662042 -0.06252801  0.3426917  -0.12366141
  -0.2549424  -0.11624138  0.11764651 -0.00270904 -0.11911178  0.05182179
   0.2682946   0.04673888 -0.14657766  0.11981641 -0.20702386  0.22495826
  -0.1348938  -0.18631479  0.00862875 -0.2020053   0.06138173 -0.13456321
   0.3094646   0.20661986  0.15887973  0.1405921   0.33120808 -0.25354382
   0.02426253 -0.24843362 -0.17531723 -0.22346075  0.15344352  0.22685727
   0.14787307 -0.03141889 -0.16155902  0.15823223 -0.20398517 -0.06128577
  -0.10895084 -0.30259484  0.10672924 -0.21411961 -0.21986663 -0.05394045
  -0.04991088  0.13751534 -0.22288392  0.16699886]]
Bias - camada oculta
[-0.07161242 -0.03158198 -0.08202288 -0.01757099  0.06025495  0.14814919
 -0.02809978 -0.10358608 -0.01195762  0.23292099 -0.27480063  0.03557061
  0.03152693 -0.01910864  0.10885772  0.0373762   0.22261877 -0.11402071
 -0.0598644   0.12783203  0.1456321   0.20319828 -0.07734174 -0.10297558
 -0.03883174 -0.03104757  0.02813247  0.08450825 -0.0565862   0.01763619
 -0.03994527 -0.14054546  0.06846863 -0.19510606 -0.02927664  0.04208016
  0.04324807  0.05622642 -0.0092071   0.1238578   0.01718395  0.00045418
  0.01152635 -0.0248713   0.08744176 -0.05860111 -0.05207862  0.00805064
 -0.15533476  0.11828889  0.01424905  0.13051131  0.13529868 -0.09011517
 -0.02063525  0.09198533  0.1612927   0.04077312]
Pesos - camada oculta 2
[[ 0.10957247  0.05116356 -0.10805569 ...  0.05146097  0.01372401
   0.02792308]
 [-0.24247253 -0.1991299   0.22445461 ...  0.20161316  0.0482872
   0.23835228]
 [ 0.03930306 -0.09756435 -0.09504496 ...  0.13625857 -0.2032487
   0.14170788]
 ...
 [-0.10679029 -0.07964497 -0.18028796 ... -0.16238937 -0.14913362
   0.1801231 ]
 [ 0.17613205  0.16578224  0.10822465 ... -0.07282683  0.12984376
   0.15268278]
 [ 0.1780038   0.11093024 -0.0145794  ...  0.08616683  0.05937029
  -0.12022825]]
Bias - camada oculta 2
[ 0.00572503 -0.01256876  0.05878872  0.04650276  0.0039118  -0.02988099
 -0.05363701 -0.00743451 -0.0169836   0.0471857  -0.04611358  0.06328505
  0.04124741 -0.0232584   0.00379047 -0.04964581 -0.00262603 -0.00864653
 -0.00251901  0.03619782  0.06227829 -0.08108181 -0.03319553  0.02246564
 -0.01740637  0.10720194  0.01191925  0.05448754 -0.00628683  0.04542534
  0.00505301 -0.07438879  0.03523614 -0.02894498  0.02640519  0.06082387
  0.00559143  0.01689858 -0.04953791  0.02167826  0.02968666  0.0401661
  0.05046209  0.04499687  0.01318787  0.0082346   0.01938045  0.01171678
 -0.07932931 -0.0322368  -0.09617956  0.04704671  0.00172857 -0.03570913
 -0.05533095  0.02498583  0.01094383  0.03897924]
Pesos - camada saída
[[ 2.01633662e-01  4.24664319e-02 -2.14773893e-01  1.28226066e-02
   1.71648771e-01 -8.71716142e-02 -1.55105423e-02 -9.41794552e-03
   6.15965691e-04  7.56805316e-02 -2.62623966e-01  1.54830962e-01
   4.56513353e-02 -1.02742426e-02 -9.96583477e-02 -4.38889861e-02
   6.06601350e-02 -2.41048634e-02 -1.83444068e-01  1.08114824e-01
   1.91763297e-01  2.39367470e-01 -5.78800999e-02  5.93555123e-02
   8.87114182e-03 -2.35898823e-01  3.01659852e-01  4.94803637e-02
   2.20574185e-01 -2.25054085e-01 -5.72135299e-03 -2.97504574e-01
  -1.65805832e-01 -1.54493272e-01 -1.81753712e-03 -1.81455940e-01
   9.88426991e-03  2.89621204e-03 -1.70176327e-01  1.78926028e-02
   1.42044470e-01  7.82279000e-02  1.67012334e-01  2.07434148e-01
   8.05511773e-02  1.08324094e-02 -1.83841097e-04 -1.03435375e-01
   2.53838420e-01  2.68929839e-01  1.80916369e-01  1.02476984e-01
  -2.77679088e-03 -1.90986525e-02 -1.01143651e-01  6.31070137e-02
  -9.14577674e-03  8.05655494e-03]]
