Pesos - camada oculta 1
[[ 0.17699547 -0.0365102  -0.11591014 -0.6040262   0.00714908 -0.01187359
  -0.3577266   0.24768668  0.18177171  0.02236239 -0.13815947  0.16459687
  -0.0737059   0.3250422  -0.00832781  0.19220966 -0.0367879   0.03596614
  -0.14475566  0.23158456  0.24807207  0.08712834  0.26978424]
 [ 0.35669202  0.07000669 -0.14418048  1.0853719   0.43040845  0.05715806
  -0.1852394  -0.40961194 -0.58797246  0.01538839 -0.21363895  0.3267616
  -0.30048773  0.21729733  0.03215558 -0.45979264  0.04039078  0.01678711
  -0.12907903  0.75232     0.7866461   0.35701355  0.10464197]
 [ 0.21403715 -0.12537761  0.2111419   0.40323043  0.49689114  0.09571144
  -0.29856575 -0.2703824  -0.28232583  0.30792138  0.15402128  0.23603489
  -0.29293653 -0.4958856   0.16104183 -0.47035667 -0.22823627 -0.0319519
   0.2525861  -0.3055185   0.03342229  0.37943354 -0.5073584 ]]
Bias - camada oculta
[-0.07227609 -0.17276827 -0.24963415 -0.00610023 -0.23517153 -0.22781375
 -0.16663547 -0.42113414  0.45528802 -0.14548236 -0.27475044 -0.11007161
 -0.1707252   0.4227929  -0.21689612 -0.3780027  -0.16856612 -0.18041158
 -0.25819525 -0.08593102 -0.05596925 -0.2449497   0.37217265]
Pesos - camada saída
[[ 0.19716007 -0.01917342 -0.14752984  0.46997163  0.451117   -0.03400021
   0.30114213 -0.28901806 -0.25170743  0.059903   -0.20838048  0.19441834
   0.04904001 -0.30912742 -0.01198105 -0.34296733  0.01925768  0.01848747
  -0.20800965  0.3102504   0.32696503  0.2395334  -0.28742093]]
