Pesos - camada oculta 1
[[ 0.12435761 -0.04222465 -0.07066148 -0.4625012   0.10910726 -0.01828224
  -0.2578513  -0.12850524  0.14875047 -0.07300595 -0.11775966  0.09721472
  -0.00428904  0.14393152  0.01040332  0.03280068 -0.0125966   0.02773059
  -0.10395851  0.22011329  0.22438544  0.11665708  0.14150055]
 [ 0.48249835 -0.31966868 -0.33730346  0.49908125  0.32429686  0.17498972
  -0.4405706  -0.45587927 -0.64671224 -0.43288356  0.00284224  0.34198728
  -0.3872863  -0.16809677  0.1016167  -0.12270468 -0.3737294   0.06332632
   0.09950062  0.52749467  0.5598086   0.5150333  -0.16275991]
 [ 0.13065426 -0.10517573  0.14076982  0.79226094  0.38487896  0.15186886
   0.01396206  0.10011801 -0.3422354   0.29023638 -0.18439823  0.18596944
  -0.2553049  -0.6522485   0.19157158 -0.59927744 -0.1920299   0.01086197
   0.18670785 -0.24288838  0.0695807   0.29405984 -0.63240695]]
Bias - camada oculta
[-0.18420053 -0.18760501 -0.29116884  0.11780616 -0.05287892 -0.21807934
  0.15760475 -0.46584705 -0.49142453 -0.11407407 -0.34046414 -0.17464478
 -0.18019009  0.3663582  -0.22146864 -0.06121691 -0.18427281 -0.18124487
 -0.29501432 -0.21458142 -0.20211686 -0.17180093  0.35472703]
Pesos - camada saída
[[ 0.18847498 -0.0837643  -0.13058233  0.36273435  0.09821638 -0.00101517
   0.19157806 -0.2640497  -0.4374531  -0.03414422 -0.18967654  0.12524329
  -0.02384264 -0.28123268 -0.02590352 -0.37009978 -0.0702352   0.06311071
  -0.16602753  0.2504809   0.2843031   0.17570977 -0.33182025]]
