Pesos - camada oculta 1
[[ 2.79378504e-01 -1.17008351e-01 -2.28637569e-02 -5.42241096e-01
  -9.40730050e-02  8.50324752e-04 -7.83744380e-02  1.57656252e-01
   2.41624147e-01 -2.33465359e-01 -2.73736626e-01  1.00941464e-01
  -4.20677885e-02  1.89616412e-01  2.46502943e-02 -1.58878177e-01
  -1.37472928e-01  6.13367036e-02 -1.14012964e-01  1.85146645e-01
   3.33915174e-01  1.22940764e-02  8.72071013e-02]
 [ 6.97051728e-05 -2.08221853e-01 -3.01350385e-01  5.68106174e-01
   1.52408406e-01  5.21268249e-01 -8.23614281e-03 -3.57577115e-01
  -4.74955171e-01 -2.60659695e-01 -1.28146052e-01 -1.98746338e-01
  -3.60542327e-01  5.82384884e-01  3.80737364e-01 -1.25430554e-01
  -2.68037379e-01  4.04264659e-01  3.89749914e-01  1.92603409e-01
   1.36301473e-01  1.69945702e-01  3.76093864e-01]
 [ 2.04285622e-01 -1.42843172e-01  1.95562467e-01  7.43782759e-01
   5.74405849e-01  7.79550299e-02  2.07738932e-02  1.44295478e-02
  -3.80432695e-01  4.10934895e-01 -1.95081756e-01  1.99156299e-01
  -2.62008190e-01 -5.43597162e-01  1.72943562e-01 -5.76226890e-01
  -1.77223995e-01 -6.61912337e-02  2.47681424e-01 -2.55200654e-01
   1.92839697e-01  4.05142307e-01 -5.51488936e-01]]
Bias - camada oculta
[-0.1722067  -0.20410223 -0.19622977  0.0066813   0.10865634 -0.20379648
 -0.22229469  0.14817706  0.14040071  0.12818079 -0.20704535 -0.21284983
 -0.19339219  0.32170874 -0.2013991   0.35171968 -0.25345045 -0.16007811
 -0.19818738 -0.18305284 -0.14430678 -0.06722268  0.29248047]
Pesos - camada saída
[[ 0.27247372 -0.10973318 -0.11195182  0.38705978  0.5508456   0.00692994
   0.06890174 -0.09126824 -0.3414753   0.42521307 -0.3154926   0.13329871
  -0.04679904 -0.27361837  0.01418259 -0.43247405 -0.10384465  0.03735854
  -0.16626443  0.21231443  0.28736216  0.14096399 -0.2980956 ]]
