Pesos - camada oculta 1
[[-0.03122882 -0.16781974 -0.19560929 -0.4283499   0.06644446  0.05782215
   0.3075388   0.1804251   0.03563998]
 [ 0.6161916  -0.30785248  0.63669544  0.18677694  0.37258753 -0.68584096
  -0.6130294   0.08498821 -0.48151934]
 [-0.23072214  0.9963525   0.33869898  0.7665526   0.20214126  0.05249007
  -0.51301205 -0.76129234  0.41898265]]
Bias - camada oculta
[-0.05357447  0.04201308  0.32375902 -1.4122108   0.26405382 -0.5497012
  0.776707   -0.5733454  -0.33600706]
Pesos - camada saída
[[ 0.22808385  0.6502276  -0.1648579   0.47737473  0.30169445 -0.256654
  -0.5547441  -0.35737452  0.00164291]]
