Pesos - camada oculta 1
[[ 0.1986093   0.07509375 -0.21746211  0.01957507  0.18710268 -0.16069044
  -0.03949814  0.01404815 -0.09767088  0.11486944 -0.30798683  0.2122994
   0.11237059 -0.02708833 -0.14821562 -0.12927973  0.06378679 -0.08435333
  -0.2700995   0.27286857  0.2629458   0.2261682  -0.05479857  0.16361752
  -0.05283948 -0.21518166  0.30616325  0.0689791   0.22720796 -0.22005498
  -0.05212038 -0.3204563  -0.17764336 -0.2501666   0.03999771 -0.22220165
   0.09906755  0.15334104 -0.22546794 -0.07398789  0.14359426  0.16438618
   0.25558946  0.2795078   0.14002761 -0.03466373  0.00325538 -0.19300614
   0.25625286  0.31859574  0.18590176  0.1911779   0.07926673 -0.0868517
  -0.1432194   0.06619253  0.01759965  0.03183428]
 [-0.28189752 -0.28483227  0.24430479 -0.2516031  -0.26174146  0.08776901
   0.30601436 -0.28575832 -0.07797075  0.10314333 -0.27247503 -0.18206313
  -0.0750528   0.02597796 -0.01094727 -0.22363503  0.13226153 -0.21657369
   0.11357699  0.24119154  0.04973764 -0.10090023  0.2063954  -0.30068538
  -0.31009248 -0.06940258 -0.1743489   0.24353269 -0.00556631 -0.28739876
  -0.30150083  0.2605905  -0.12027281 -0.24595335 -0.3195597   0.07411863
  -0.13513312 -0.21895088 -0.31137192  0.09011314  0.13196862 -0.20719697
   0.15825832 -0.15939656  0.27784103 -0.21481098 -0.28252512 -0.25955856
  -0.06939815 -0.14975181  0.05509957  0.2019689  -0.01344422 -0.18677099
   0.25884512  0.26287165  0.05762164  0.29917267]
 [ 0.0268496  -0.12233535 -0.10472813 -0.17837468  0.05822948 -0.22036085
   0.0211933  -0.11396342  0.29547662  0.00636788  0.25949505 -0.07768048
  -0.27247906 -0.11544802  0.16864187  0.00864242  0.03270463  0.0818031
   0.274089    0.18700981 -0.14092834  0.11356696 -0.24245508  0.249759
  -0.1449548  -0.2945107   0.0260603  -0.08163092  0.00602556 -0.10451322
   0.27012718  0.15302163  0.23432115  0.0860689   0.25771338 -0.24542272
  -0.01449071 -0.21270448 -0.2143991  -0.30688035  0.23147549  0.23659812
   0.15244804 -0.02231422 -0.19180515  0.20189768 -0.23897505 -0.04441478
  -0.22355567 -0.26900393  0.21987893 -0.11462352 -0.26966077 -0.11644375
  -0.07933716  0.18753427 -0.2807167   0.2045367 ]]
Bias - camada oculta
[-0.00763614  0.00762419 -0.00773566 -0.00752075  0.00772234  0.00775133
  0.00764702 -0.00713323 -0.00762532 -0.00565698  0.00792443  0.00717709
  0.00764748  0.00743731  0.00801225 -0.00298368  0.00795237  0.00780084
  0.00786267 -0.00521917 -0.00547329  0.00770522  0.00794583 -0.00789622
  0.00784703  0.00772717  0.0041541  -0.00449732 -0.00591164  0.00763923
 -0.00454618  0.00792557 -0.00787484  0.00255457  0.00798567  0.00668282
  0.00583955  0.00767668  0.00795552 -0.00352896  0.00784965  0.00760479
  0.00787274 -0.00648883  0.00773451 -0.00773877  0.00788883  0.0076823
 -0.00768607  0.00612178  0.0078375  -0.00789388  0.00484056 -0.00778482
 -0.00772446 -0.00545551  0.00767746 -0.00791865]
Pesos - camada oculta 2
[[ 0.1576997   0.04162156 -0.1474247  ...  0.04566846  0.00926616
   0.01096511]
 [-0.20999411 -0.19297019  0.19071417 ...  0.18475568  0.03973889
   0.2150662 ]
 [ 0.02158952 -0.07541382 -0.07872699 ...  0.13805212 -0.19018844
   0.16195205]
 ...
 [-0.12890272 -0.07133263 -0.1469868  ... -0.13349265 -0.14490522
   0.2010051 ]
 [ 0.18636343  0.22618107  0.07289745 ... -0.07710069  0.13011086
   0.12307706]
 [ 0.13816428  0.10512645  0.04139203 ...  0.10109922  0.06058098
  -0.10357662]]
Bias - camada oculta 2
[ 0.00616274  0.00784315  0.00778485 -0.00718886  0.00737013  0.00783756
  0.00773652  0.00806144  0.00669826  0.00763203 -0.00794003  0.0078078
  0.00033163  0.00735779  0.0080693  -0.00315298 -0.00623527 -0.00761067
 -0.00802035  0.00788237 -0.00661127 -0.00798998  0.0078524  -0.0078577
  0.00667493  0.00746064 -0.00010815 -0.00735191  0.         -0.00799573
 -0.00790576  0.00761337  0.00022852 -0.00794951  0.00800402 -0.00799101
  0.00168908 -0.00368961  0.00751558 -0.00679602  0.00752702 -0.00678086
 -0.00780944 -0.00674624 -0.00790961 -0.00796912 -0.00613054 -0.00615621
  0.00444789 -0.00762476 -0.00476571 -0.00748228  0.00290778  0.00685491
 -0.00793061  0.00804411  0.00707917  0.00052428]
Pesos - camada saída
[[ 0.21795012  0.07655174 -0.22560549  0.02039265  0.1901845  -0.1633386
  -0.04063668  0.02905221 -0.09935828  0.11663378 -0.29767117  0.21571489
   0.09882942 -0.04347617 -0.15087198 -0.13730097  0.06626283 -0.08562539
  -0.26210797  0.28108138  0.2827814   0.22705805 -0.07094618  0.15994388
  -0.05068595 -0.23457654  0.32002753  0.07375889  0.2370379  -0.22366288
  -0.03791885 -0.32614338 -0.18413922 -0.23844868  0.04080252 -0.23048809
   0.10055166  0.15556325 -0.24547482 -0.07577703  0.16195367  0.16765831
   0.26028615  0.28387704  0.12681907 -0.03289755  0.00299652 -0.19638267
   0.26114577  0.30849883  0.2047049   0.19532146  0.06496322 -0.08849414
  -0.14576185  0.08318544  0.01666316  0.03346739]]
