Pesos - camada oculta 1
[[ 0.36918512  0.3491892  -0.31510615  0.36052093  0.28024685 -0.236008
  -0.3240203 ]
 [ 0.21327586 -0.66475135  0.05945731 -1.1176463   0.7539443   0.07978566
   0.2500846 ]
 [-0.70956475 -0.6047148   0.11146819 -0.79411536 -0.1197532   0.89899987
   0.34822553]]
Bias - camada oculta
[-0.12767915 -0.09247249 -0.154721   -0.38674438  0.2506246   0.27579162
  0.21008447]
Pesos - camada oculta 2
[[ 0.360849    0.24186644 -0.26487774  0.15841526  0.28042436 -0.11014045
   0.15551971]
 [-0.13322149 -0.5033802   0.37985185 -0.7031938   0.2617016   0.50677353
   0.14491186]
 [-0.12019917 -0.07150829 -0.01495968 -0.08061302 -0.38376206  0.33715007
   0.39231694]
 [ 0.22636992 -0.47591537  0.5625302  -0.33847803 -0.6841322   0.95000756
   0.32343408]
 [ 0.73623437 -0.08998466  0.2205168  -0.6890325  -0.34601593 -0.2948311
  -0.14297315]
 [-0.3536513   0.17830074  0.15554634 -0.6354919  -0.08719204  0.08187816
   0.09803704]
 [ 0.06390524  0.32473522  0.26261353 -0.5215001  -0.11348413 -0.8665765
  -0.09385979]]
Bias - camada oculta 2
[ 0.08674708 -0.1407058  -0.00578204 -0.11439981 -0.08351311 -0.01470783
 -0.32182312]
Pesos - camada saída
[[ 0.3996402   0.25499496 -0.68947655  0.3295874   0.40355018 -0.6146316
   0.01564516]]
