Pesos - camada oculta 1
[[ 0.0334367  -0.03791097 -0.04015632 -0.13757947  0.01524063 -0.00063816
   0.13261352  0.07193092  0.02571136 -0.02513278 -0.1014105   0.03351223
  -0.02764406 -0.01595188  0.00964217  0.01592231 -0.09697732  0.03063471
  -0.07585859  0.07867376  0.07975142  0.04367367  0.03196261  0.00656644
   0.09277742 -0.04471717  0.10746906 -0.03086485  0.05290249 -0.05116136
   0.04340219 -0.11124713 -0.02055124 -0.06004152 -0.0865849  -0.04244079
  -0.04546931 -0.00617183 -0.05323479  0.05556845  0.00041579  0.00093867
   0.07408587  0.09100352 -0.01348704  0.046245    0.15365809 -0.02932305
   0.07640311  0.11115275  0.02612318  0.03089961 -0.03597154  0.03768532
   0.01026454 -0.03131075  0.0597401  -0.13891476 -0.09298444 -0.08439716
   0.06714574 -0.07350414 -0.0718783  -0.03628968  0.10020576 -0.09668521
   0.09832042 -0.02212311 -0.07805752 -0.01478554  0.09534324 -0.00661754
  -0.08101444 -0.05070381 -0.01597794 -0.03878619 -0.02502464  0.06327467
  -0.12383891  0.03111735  0.03837877 -0.10715451 -0.10640676  0.02446802
  -0.01637433  0.06562872  0.1529637  -0.08569156 -0.1038512   0.06713536
   0.02232321 -0.05720263 -0.11166421 -0.03780708  0.01592675 -0.03715992
  -0.10437808 -0.0880317  -0.01657739]
 [-0.0805333   0.20453808 -0.21457167  0.2545409  -0.09104641 -0.30382746
  -0.24191013  0.01702757 -0.19965069  0.12561335  0.08012155  0.08255742
  -0.06266911  0.11924525  0.12198677 -0.03675793  0.30312812 -0.07480738
  -0.18163987  0.00672223 -0.06790978  0.13596496 -0.25490692  0.0978994
  -0.1546216   0.16704182  0.10001378  0.29495558  0.02949185 -0.2991975
  -0.16236092  0.04865539 -0.08207873 -0.06719306  0.10969195  0.13052905
   0.22420743 -0.02858127  0.01188918 -0.26325613  0.27794746 -0.02181551
  -0.15748732  0.11377726  0.03004621 -0.0708818  -0.11382023  0.14176163
   0.20577139  0.28654572  0.16215852  0.2987202  -0.09678409 -0.09452316
  -0.24890195 -0.06870568 -0.16421266  0.2163696   0.11878597  0.03523278
   0.0639338  -0.24868022  0.0746895  -0.09085522  0.05731088 -0.27571297
  -0.268138    0.2541826  -0.1874871  -0.30360147 -0.15721989  0.00679475
   0.0672285  -0.30627856  0.2545677  -0.3059218   0.19105491 -0.15886927
   0.20201707 -0.05221226 -0.15336613  0.17880891  0.08434717  0.03190144
  -0.16691035  0.03925281 -0.1338626   0.12803122  0.14381124  0.05495848
  -0.18218137 -0.09592886 -0.24862269 -0.00795206 -0.05880162  0.02354924
  -0.15595429  0.23463748  0.19418767]
 [ 0.02342461  0.04576895  0.05469388 -0.05946766  0.3429605  -0.03578646
  -0.24003111 -0.13422382 -0.18469667  0.05025203 -0.13374685  0.2894829
   0.1401301  -0.10846498 -0.29060662  0.00286895  0.25452363 -0.03223987
  -0.01785726  0.23639715  0.31266493  0.2131235   0.0771045   0.20956045
  -0.21623656  0.01309901  0.2596596  -0.05098668  0.09460176 -0.22736421
   0.00315242 -0.31269026 -0.33329684 -0.23732966  0.05203287 -0.3322373
   0.30169585  0.22739267 -0.21487795 -0.18756866  0.34347314  0.00657977
   0.18419538  0.08008372  0.18511336 -0.10799217 -0.07079961  0.03804205
   0.15124832  0.10258336  0.14830565  0.1426738   0.24463893 -0.21851201
   0.09727766 -0.0551382   0.09962656  0.2828335   0.06806785 -0.05300527
   0.23920117 -0.28225508 -0.2838514   0.2893269   0.10247605 -0.25824967
  -0.3121223   0.07057901 -0.18648392 -0.22595368 -0.35033387  0.09871585
   0.09819995 -0.06854355 -0.07798626 -0.35492286  0.02784446  0.14218293
   0.23711863 -0.1386626   0.01485982 -0.16181673 -0.1438548   0.12593387
  -0.29303822 -0.00059055 -0.11553923  0.10544944 -0.04929295  0.13997884
  -0.09534825 -0.07460321 -0.13013971  0.2742143  -0.28210565  0.00963592
   0.05214244  0.38008004  0.05362813]]
Bias - camada oculta
[-0.0447595  -0.00318808 -0.05529651  0.08129208  0.02396877 -0.04120868
  0.04859462 -0.0534727   0.0150067   0.0001556   0.037283   -0.00865818
 -0.00697673  0.04554253 -0.02416833  0.01415199 -0.06111501  0.00908195
 -0.04706641 -0.00377047  0.00472046  0.0010005  -0.00326842 -0.00459239
  0.0261236   0.07155665  0.00471125  0.01507432 -0.00850189 -0.00041903
  0.00523052  0.00158323  0.01520462  0.00100639 -0.00622252 -0.02344529
 -0.04967627  0.00333747  0.0043085   0.02856384 -0.0636686  -0.02772938
 -0.02813     0.02041526 -0.00275871  0.00539872 -0.0324425   0.06878528
  0.03151121  0.07001075  0.00982797  0.0251168   0.00910617  0.01006888
 -0.04655332 -0.03887616 -0.08994027 -0.06012947  0.08095261  0.03694348
 -0.00071453  0.01076651 -0.00173493  0.01786258 -0.00018789 -0.01186502
  0.0791138   0.01043494 -0.02071906  0.01909115  0.0651839  -0.02096518
  0.05280708 -0.05859732  0.04105563  0.06432837  0.00958249 -0.03713942
 -0.03566211  0.0066534  -0.06201908  0.04843618  0.03726031  0.04013748
  0.02526816 -0.01386188 -0.01903383  0.08706739  0.06822459 -0.00039599
 -0.00228011 -0.01029505 -0.05747025  0.0040379   0.00749515  0.03607312
 -0.04640942 -0.09188743  0.0128235 ]
Pesos - camada saída
[[ 4.23724651e-02 -2.61295997e-02 -3.63251157e-02  1.67813912e-01
   3.00182328e-02  1.56407878e-02 -1.69919044e-01 -7.59011656e-02
   2.78048851e-02 -2.62580160e-02 -1.09597377e-01  3.72923464e-02
  -1.33200865e-02  2.37680804e-02 -9.63271689e-03  1.21658649e-02
   1.91425622e-01  2.86578927e-02 -7.51247481e-02  8.47704709e-02
   8.86847377e-02  4.41936441e-02  5.42961694e-02  9.64199658e-03
  -1.14826016e-01 -5.59697375e-02  1.10350095e-01 -6.49786517e-02
   5.78749739e-02 -4.20869067e-02 -6.55379705e-03 -1.18909240e-01
  -2.53540613e-02 -6.39537573e-02  7.31742457e-02 -5.57728857e-02
   4.16585095e-02  6.07496407e-03 -6.03877306e-02 -2.90258564e-02
  -1.45750456e-02  7.97224790e-03  8.52650329e-02  9.31644216e-02
  -4.50659916e-03 -3.57132852e-02 -1.60057172e-01 -4.00220901e-02
   7.44755939e-02  1.07462384e-01  2.45818682e-02  2.00176984e-02
  -7.90439360e-03  4.90216259e-03  2.30020396e-02 -3.31401080e-02
  -3.68822776e-02  1.65896878e-01 -1.01714849e-01 -9.12409052e-02
   7.11697340e-02 -6.89981654e-02 -8.11429992e-02 -3.89820314e-03
   1.04355425e-01 -9.21246707e-02 -2.01368332e-01 -3.87551785e-02
  -7.69535899e-02 -2.39433721e-05 -1.65243790e-01  7.60884490e-03
   7.54661262e-02 -4.21071872e-02 -3.11519802e-02 -2.70367060e-02
  -3.37424390e-02  7.46286586e-02  1.88130230e-01  2.02717893e-02
   4.95885238e-02 -1.17809251e-01 -1.14673465e-01  4.20244113e-02
  -1.50153795e-02  6.99316785e-02 -1.60661340e-01 -9.46286321e-02
  -1.13380708e-01  7.12660775e-02  2.76706368e-02 -5.94924539e-02
  -1.09400108e-01 -6.48488873e-04  4.32593375e-03 -4.37116176e-02
  -1.05409324e-01  2.22537383e-01 -2.40144245e-02]]
