Pesos - camada oculta 1
[[ 0.12655884  0.02177193 -0.15765661  0.25901726  0.10361046 -0.09569952
  -0.31114194  0.29867008  0.14436947 -0.16875434 -0.23028103  0.1357487
   0.03575186 -0.29583827 -0.0587124   0.03123165 -0.20821543  0.09601384
  -0.21843472  0.12027838  0.20506369  0.15751536 -0.07557455  0.08577058
   0.17099084 -0.1932831   0.25410062 -0.19325978  0.1737278 ]
 [-0.22639921 -0.00589204 -0.46872392 -0.37181568 -0.36719206 -0.09664646
  -0.23718569 -0.01866609  0.18634464 -0.1105193  -0.21539514  0.02367491
   0.06432444  0.4720007   0.20137411  0.2185194  -0.02005318  0.06342679
  -0.1504524   0.20029017  0.540715    0.04774471  0.20684609  0.1138794
  -0.41017574 -0.22099215 -0.01153043  0.0680066   0.04212749]
 [-0.3007646  -0.3110997   0.2290701  -0.4178633  -0.25562885 -0.00467875
   0.592766   -0.49277985 -0.22593686  0.38397786 -0.49799082 -0.13367054
  -0.01657656 -0.08763736 -0.12068198 -0.44024414  0.39100155 -0.42313102
   0.00327113  0.5190187   0.16785842 -0.014757    0.24445234 -0.3273123
  -0.5654358  -0.12367494 -0.14146565  0.5555103   0.08415049]]
Bias - camada oculta
[-0.1215466  -0.0689334  -0.09371094  0.09057586 -0.08956165 -0.10939857
  0.05306652  0.15565455  0.22204073  0.05874211  0.14182384 -0.12403788
 -0.10248735  0.10615294 -0.1676217   0.22576778  0.19485249  0.22253875
 -0.15593119  0.07871309 -0.2017342  -0.13996479 -0.06592776 -0.10396119
  0.18654506 -0.12776433 -0.14927778  0.18750755 -0.15181598]
Pesos - camada saída
[[ 0.17379384 -0.00237181 -0.16749845 -0.12484391  0.13471454 -0.14412692
   0.18233177 -0.14103213 -0.40440184  0.45162892 -0.18123546  0.17346056
   0.05810348  0.24606657 -0.10611197 -0.35258073  0.38797975 -0.31162155
  -0.2513711   0.42221934  0.2348159   0.19059932  0.04671498  0.1231191
  -0.2513036  -0.20292342  0.30504453  0.3355151   0.22249496]]
