Pesos - camada oculta 1
[[-0.7997487  -0.5285816   0.60074353  0.02971712 -0.5390845   0.54498386
   0.05832759 -0.6395183   0.73207945 -0.52941394  0.3749005  -0.2840557
  -0.4010667  -0.15756558  0.80442995  0.72912216 -0.6017125   0.4154192
   0.35981074 -0.38604406 -0.41598982 -0.46905366 -0.12461147 -0.86703175
   0.9505841   0.4683531  -0.25877157 -0.8373892  -0.435097    0.46992126
   0.6532698   0.30326632  0.299151    0.48135993  0.16123462]
 [-0.05339924  0.38080272 -0.41537178 -0.17658493  0.66603196 -0.6270206
   0.09859098  0.59607154  0.65961325  0.4025995  -0.63184136  0.44736758
   0.38724345  0.48545653 -0.0836786   0.09567295  0.49482977 -0.3744703
  -0.6898688   0.4285678   0.69096327  0.45635122  0.22819841 -0.04729794
  -0.3457676  -0.40299395  0.25223377 -0.51563126  0.795503   -0.33296296
  -1.2330612  -0.6988155  -0.20969811 -0.8191016   0.0640953 ]
 [ 0.58984065 -0.46499613 -0.6062517  -0.28091276  0.76704216 -0.68196356
   0.08443943  0.32783124 -0.42060304 -0.01837098 -0.1194092  -0.3472101
  -1.412      -0.12128103 -0.39071757  0.43810657 -0.32661295  0.3495626
  -0.9148502   0.91342264  0.56456107 -0.19799854 -1.6945148   0.53566206
  -0.01097531 -0.81015784 -1.3327924   0.89755005  0.9331896  -0.79246765
   0.31813344 -0.8313064   0.3450428  -0.74050117 -0.8986096 ]]
Bias - camada oculta
[-0.22395691 -0.07184651 -0.11655473 -0.5807773   0.46448642 -0.501624
  0.622711   -0.503573   -0.30465177 -0.40971854  0.01949942 -0.30508277
  0.8293874   0.75615174  0.17062652 -1.0599613  -0.08918712  0.07723391
  0.10267662  0.04136764  0.2583503  -0.26122585  0.29421145 -0.1848044
  0.57426095 -0.230046    0.43858853 -0.55526423  0.5258114  -0.15866253
 -0.96855223 -0.07344637 -0.14986293  0.8846583  -0.41324428]
Pesos - camada saída
[[-0.2179314   0.05621395  0.14238311 -0.21205124 -0.13677913  0.08506449
   0.07283935  0.39550757  0.2094317   0.16814023  0.03393633  0.02499371
  -0.42907357  0.15715684  0.09892908  0.27816924  0.20049927 -0.04269889
   0.00913024 -0.02201415 -0.09881055  0.01185466 -0.53313684 -0.18206558
  -0.4125095   0.06306442 -0.381411   -0.2456057  -0.19334957  0.05287923
  -0.69784766  0.07220162  0.02007469 -0.44177732 -0.33192623]]
