Pesos - camada oculta 1
[[ 0.12967783  0.02486513 -0.15595356  0.25425333  0.09669694 -0.09096174
  -0.34316456  0.3516004   0.15286063 -0.23326418 -0.24554236  0.12288467
   0.02956469  0.4289539  -0.05695449  0.09691648 -0.27170178  0.18625721
  -0.21821648  0.15327534  0.17889641  0.14406422 -0.15975668  0.07061838
   0.23709661 -0.16488118  0.24001797 -0.24185485  0.17239496]
 [-0.04502702 -0.06472848 -0.6104559  -0.7296077  -0.01048355 -0.044
   0.1214275   0.23210287  0.33489466  0.06591301 -0.3521797   0.01128651
   0.05762483  0.09109525  0.35670593  0.37269014  0.12134252  0.11560901
  -0.29909804  0.35017985  0.5596992   0.01386122  0.22612512  0.02316676
   0.13130675 -0.20040508 -0.0874972   0.30769038 -0.04533473]
 [-0.32366836 -0.31281605  0.27035484 -0.30901816 -0.2804119   0.00169944
   0.5022663  -0.37427357 -0.14891812  0.3294009  -0.47098246 -0.1391847
  -0.02088467  0.10884818 -0.12195389 -0.39068723  0.34777793 -0.36145884
   0.06817232  0.4768628   0.16648379 -0.01272494  0.2636514  -0.3507051
  -0.49572647 -0.15277421 -0.1382495   0.53874993  0.09102432]]
Bias - camada oculta
[-0.10013439 -0.06502038 -0.0715723   0.04511101 -0.10089696 -0.11475831
  0.24239472  0.13507156 -0.03897027  0.20103821 -0.1567744  -0.13616829
 -0.10483772  0.2766723  -0.18969652  0.13804817  0.19071424  0.15224352
 -0.13419394 -0.0735207  -0.10926882 -0.14900257 -0.07973578 -0.11263163
  0.17789316 -0.1337097  -0.16437554  0.16939142 -0.15261681]
Pesos - camada saída
[[ 0.17021102  0.00951851 -0.22246432 -0.16960183  0.13531369 -0.13468352
   0.19674282 -0.16001165 -0.351713    0.44827715 -0.17600559  0.17585473
   0.05746001 -0.49238512  0.01485604 -0.31030113  0.45275182 -0.31719503
  -0.2554389   0.17664458  0.2362098   0.19131348  0.09984583  0.13982792
  -0.25596645 -0.17408068  0.30341968  0.3845874   0.2264787 ]]
