Pesos - camada oculta 1
[[-0.31411126  0.20084581  0.26878154 -0.3002427  -0.24766067  0.3278032
   0.06614539 -0.31143433  0.64303815 -1.1006862 ]
 [ 0.00609415  1.5688306  -0.6430575   0.42496243 -0.07322396 -0.03855977
  -0.35327    -0.46077242 -0.8559718   1.2705446 ]
 [ 0.96571916  0.87007487 -0.5968015   0.79132056  0.48077884 -0.72837967
   0.7563471  -0.12107912  0.52641326 -0.07267424]]
Bias - camada oculta
[-0.8599192  -0.28369552 -1.1771784  -0.09550585 -0.8060231   0.7544768
 -0.76075715 -0.7915515  -0.39766672 -0.04201188]
Pesos - camada saída
[[ 0.20806788  0.5675238   0.58750814  0.21445638 -0.0991382  -0.39485046
   0.55693185 -0.0198186   0.5631507   0.3311653 ]]
