Pesos - camada oculta 1
[[ 0.05548768 -0.05260956 -0.09257887 -0.36720973 -0.14347005  0.00286014
   0.48959437 -0.00330776  0.00419082 -0.04552878 -0.33595195 -0.06300251
  -0.03210203  0.19282746  0.01962065 -0.03325981 -0.06938602  0.04787983
  -0.12842503  0.13046925  0.08002838 -0.04225988  0.07505078]
 [ 0.6237036  -0.2222456  -0.6203216   1.0058665   0.5357418   0.1065836
  -0.24469373 -0.00867383 -0.6820231  -0.09477396 -0.3707359   0.33389288
  -0.16721778  0.9837745  -0.00647814 -0.6869087  -0.1971262   0.02942433
  -0.04564379  0.80102414  0.8079572   0.45801735 -0.5192986 ]
 [-0.04808015 -0.82920307  0.7131519  -0.22882599  0.5508146   0.06604092
   0.33226797  0.04589624 -0.6812818  -0.05605533  0.14822248  0.3218458
  -0.40300295 -0.31822696  0.17522478 -0.72248966 -0.9010363  -0.04621615
   0.11833067  0.08494963 -0.08955539  0.44221565 -0.5194488 ]]
Bias - camada oculta
[-0.12565392 -0.26917285  0.11020005  0.16688506 -0.496248   -0.23761907
  0.10524028 -0.13832535 -0.00565755 -0.1813941  -0.2672878  -0.32620814
 -0.20102975  0.79757565 -0.19522615  0.0048038  -0.23684502 -0.19097741
 -0.28423417 -0.0541369  -0.20357594 -0.5004389  -0.09356573]
Pesos - camada saída
[[ 0.3168318   0.33182418 -0.7389149   0.39099726  0.814941   -0.00926282
  -0.31386825 -0.06226885 -0.37266573 -0.03561581 -0.22986935  0.29131728
   0.11766802 -0.6543214  -0.00125941 -0.71836615  0.31284034  0.03404461
  -0.17259866  0.29795372  0.45060128  0.49894962 -0.4323111 ]]
