Pesos - camada oculta 1
[[ 0.34134474  0.16607532 -0.34691963  0.18607849  0.26279405 -0.13213056
  -0.19936937]
 [ 0.24072535 -0.51632005  0.09405225 -1.0807468   0.8396497   0.10286891
   0.02021148]
 [-0.5726836  -0.1566015   0.18229714  0.21667579 -0.8592654   0.8889496
   0.96386623]]
Bias - camada oculta
[ 0.04213243  0.7007948   0.26979083  0.48247704  0.59510386  0.34315407
 -0.57619923]
Pesos - camada oculta 2
[[ 0.20335895 -0.02730308 -0.3664413  -0.14860503  0.17161374 -0.13257538
  -0.12067107]
 [-0.12573238 -0.38183093  0.40720874 -0.7631866   0.26199853  0.44630605
   0.14365865]
 [-0.10475048 -0.16536462 -0.02640909 -0.06105547 -0.3674566   0.38136283
   0.40848884]
 [ 0.26156572 -0.34461454  0.57622236 -0.2904035  -0.64898247  0.873526
   0.36766815]
 [ 0.7030967  -0.3551921  -0.9150061  -0.5842627  -0.17241292 -0.7673433
  -0.1660898 ]
 [-0.32408848  0.3908877   0.18990913 -0.30826062 -0.0170058   0.18505596
   0.20605235]
 [ 0.7991725   1.0831306   0.22029704  0.26033047  0.20682366 -0.7232214
   0.99195945]]
Bias - camada oculta 2
[ 0.1315747  -0.47850305 -0.46171618 -0.01032378  0.28735572  0.28786743
  0.33653748]
Pesos - camada saída
[[ 0.40762356  0.4499415  -0.7322834   0.1142421   0.32558137 -0.6108722
   0.12379524]]
