Pesos - camada oculta 1
[[ 0.12553227 -0.04994598 -0.11052382 -0.19710723  0.05976003 -0.06925249
  -0.06606241 -0.02814264  0.06078925 -0.09309767 -0.28153008  0.1457427
  -0.00573145  0.22944179 -0.01931867  0.06100927 -0.04834542  0.07130208
  -0.16906795  0.18526103  0.22243305  0.14868239  0.17611651]
 [ 0.03595313 -0.21685083 -0.276245    0.51395357  0.1444881   0.32938403
  -0.0042331  -0.36053634 -0.40995908 -0.35999846 -0.18522164 -0.06377202
  -0.45362568  0.322153    0.30079874 -0.23951085 -0.26173332  0.31368786
   0.34845257  0.24502374  0.22754942  0.16942368  0.11499464]
 [ 0.20011203 -0.14457133  0.18509367  0.6974882   0.52174675  0.11521336
   0.04508614 -0.05265293 -0.4160198   0.3339825  -0.15318349  0.23050092
  -0.25670472 -0.6599983   0.18057252 -0.6268897  -0.22816814 -0.08623219
   0.22656146 -0.22076066  0.09656588  0.36930856 -0.64319134]]
Bias - camada oculta
[-0.1913956  -0.16349958 -0.20485567  0.21502197  0.1598059  -0.19966194
 -0.34441113  0.07991325 -0.13408223  0.1508607  -0.17857122 -0.16735615
 -0.17507078  0.22758254 -0.21620063  0.11024266 -0.16981466 -0.02845906
 -0.24936628 -0.20961748 -0.18155989 -0.02397591  0.22391431]
Pesos - camada saída
[[ 0.16887619 -0.08327599 -0.14241067  0.29548526  0.5160652   0.01066721
   0.08956838 -0.11819202 -0.3454781   0.31512073 -0.29792503  0.22234464
  -0.0525583  -0.28346604  0.00714405 -0.4369272  -0.08571102  0.09943558
  -0.18411541  0.21852715  0.23852062  0.32234344 -0.33067855]]
