Pesos - camada oculta 1
[[ 0.12076519 -0.3344872  -0.24228792 -0.05977925  0.1571406  -0.06709657
  -0.0010618   0.32285246  0.04653059]
 [ 0.5703577  -0.3077628   0.04333244  0.73111194  0.2766599  -0.6292721
  -0.7679092  -0.03783718 -0.49298218]
 [-0.29422638  0.96744627  0.31554145  0.80682856  0.14558439  0.09108452
  -0.45660144 -0.6667751   0.4236813 ]]
Bias - camada oculta
[ 0.11698022  0.52489674  0.08725192 -0.4516318  -0.14795333 -0.02655213
  0.36162937 -0.4915448  -0.04874366]
Pesos - camada saída
[[ 0.2993312   0.5287199  -0.23208423  0.40776536  0.27711412 -0.30846885
  -0.46119276 -0.23755299 -0.02650007]]
