Pesos - camada oculta 1
[[ 0.00596422  0.02981273 -0.10378706  0.11218943  0.05215286  0.03633475
   0.15927392  0.44898033  0.05238209]
 [ 0.7206224  -0.38268274  0.42390308  0.47367468  0.35245436 -0.7480734
  -0.19437917 -0.15642834 -0.5072784 ]
 [-0.29530317  1.0215776   0.31452513  0.85284364  0.19379453  0.10258714
  -0.540326   -0.71651584  0.42110795]]
Bias - camada oculta
[ 0.57990885  0.9544068   0.2999509  -0.63583076 -0.20689893 -0.5401825
  0.3559971  -0.08568667 -0.3520259 ]
Pesos - camada saída
[[ 0.31758693  0.62077516 -0.15659983  0.4699553   0.2734616  -0.30586424
  -0.5427955  -0.34643018 -0.05500785]]
