Pesos - camada oculta 1
[[ 0.27975836  0.26521564 -0.31188542  0.12287654  0.2575334  -0.19300735
  -0.36818737]
 [ 0.23800004 -0.4991484   0.06154188 -1.0258298   0.6666213   0.06027096
   0.14057703]
 [-0.7151153  -0.09777127  0.39215666 -0.3674829  -0.44792688  0.9129957
   0.28313127]]
Bias - camada oculta
[ 0.03555242  0.26535666 -0.18320863  0.487005   -0.5729938   0.388516
  0.36303902]
Pesos - camada oculta 2
[[ 0.2613228   0.07770096 -0.24099025 -0.02830651  0.19034661 -0.09919038
   0.07339612]
 [-0.15689166 -0.4195624   0.4341146  -0.7676962   0.21876526  0.44107804
   0.10216512]
 [-0.07681552 -0.06772851 -0.05980391 -0.00427483 -0.3403779   0.34717304
   0.4252449 ]
 [ 0.24679235 -0.36421707  0.57709867 -0.3211836  -0.6805527   0.8881163
   0.30986837]
 [ 0.6982186  -0.25156683 -0.1549886  -0.5290214  -0.24931061 -0.5563206
  -0.12744407]
 [-0.3906337   0.20999315  0.1257338  -0.5332557  -0.02612304  0.10378707
   0.10523488]
 [ 0.29430056  0.7122229   0.09363448 -0.12042627  0.19520403 -0.59369326
   0.60708714]]
Bias - camada oculta 2
[ 0.1939368   0.5820612   0.19202013  0.22137037  0.3817676   0.36685276
 -0.01173878]
Pesos - camada saída
[[ 0.39235052  0.3402454  -0.66789573  0.24599336  0.33451647 -0.5518574
   0.06547537]]
