Pesos - camada oculta 1
[[ 0.10827951  0.0083092  -0.10352284 -0.27877828  0.08084582  0.03797428
   0.16037156 -0.2660917   0.07553715  0.03144668 -0.16018084 -0.02361307
   0.02058913  0.24589136 -0.05408029  0.07153361  0.00785976  0.04536069
  -0.14941819  0.15823926  0.17948407  0.09679946  0.16837348  0.02749302
  -0.14033234 -0.1078843   0.19377425 -0.17266662  0.1349353  -0.10997702
   0.24826999 -0.20756137 -0.05994451 -0.12446183  0.13118024 -0.1191156
  -0.14858092  0.05872912 -0.12163443  0.12230684  0.01464201  0.07336975
   0.16913408  0.1799873  -0.03311079 -0.3460056   0.23178035 -0.07847851
   0.1617079   0.17138638  0.0949981   0.10326321  0.01005185]
 [-0.0317742  -0.09183567 -0.02057115  0.3238099   0.06734833 -0.3618136
  -0.3831565   0.48348334 -0.321922   -0.20875871 -0.0383402   0.4998465
  -0.25022566 -0.04109016  0.01647992 -0.3370575  -0.13306145 -0.11785374
  -0.07426718  0.0328473  -0.17440133  0.21497773 -0.23709925  0.22538261
   0.27188933 -0.04132992 -0.04086407  0.41075343 -0.253383   -0.3866149
  -0.02877443 -0.21837607  0.17312005 -0.09985169 -0.20534007 -0.39032474
   0.45540234 -0.06951287 -0.32754552 -0.37818012  0.19215289 -0.06130381
  -0.15885073 -0.24517675  0.20871986  0.29330036 -0.10235526  0.03117024
  -0.12254041  0.40011516 -0.16482991 -0.21713069 -0.21170056]
 [-0.09459314 -0.18701963  0.01766868  0.38084036 -0.0334905  -0.1931874
   0.40969685  0.4935827   0.24443543  0.25359467 -0.05402408 -0.01896003
  -0.1423765   0.04635765 -0.00642004 -0.23081103 -0.04789099 -0.12307465
   0.1529847  -0.04872103  0.16613236 -0.13092014 -0.2735659  -0.15634222
  -0.08986947 -0.00649857 -0.03829951  0.32985646  0.20518045  0.27485177
   0.0565522   0.04285925 -0.27289957  0.11608887 -0.26648188 -0.24924783
   0.15844534 -0.10701157  0.04898076 -0.07983139  0.34845087  0.05753022
   0.15485184  0.07253901  0.35585195 -0.31962568  0.17423628  0.00211862
  -0.26084727 -0.365956    0.16511714  0.17391492  0.09087478]]
Bias - camada oculta
[-0.10150469 -0.04185576 -0.11606781  0.17850196 -0.10875613  0.18403673
  0.22972833  0.18572965  0.17709047 -0.06777326 -0.14861171 -0.00356269
 -0.06798457  0.32514164 -0.09328597  0.1945762  -0.05184032  0.09030025
 -0.15517043 -0.12059505 -0.09257326 -0.08009125  0.2625567  -0.05202935
 -0.02070134 -0.12097938 -0.11738602  0.16928796 -0.09528768  0.04919948
  0.31303626 -0.13602413 -0.1049266  -0.1395679   0.15350443  0.04342201
  0.16314381 -0.07494103  0.01969013  0.18141495 -0.01843883 -0.08120625
 -0.09021264 -0.102824   -0.00484519 -0.03559797  0.34396854 -0.12854826
 -0.09550602 -0.04628328 -0.09159385 -0.09324785 -0.04885192]
Pesos - camada saída
[[ 0.12846331  0.01938666 -0.14734928  0.28928527  0.10385601 -0.27452457
  -0.16973248  0.24861166 -0.23638299  0.04165874 -0.21433982  0.40319192
   0.05094375 -0.34272182 -0.0826078  -0.3024266   0.0280731  -0.0803771
  -0.17423703  0.18506117  0.19914465  0.09642795 -0.28198424  0.09057597
   0.09023173 -0.15321222  0.22539318  0.32259288  0.16427612 -0.15349798
  -0.34366664 -0.19135764 -0.08074073 -0.15851991 -0.07206652  0.06387099
   0.3298016   0.08027883 -0.01502754 -0.22494611  0.1372655   0.09234974
   0.19229639  0.21356812  0.17593937  0.24880081 -0.19459614 -0.12338712
   0.1818026   0.14078379  0.12520178  0.13096811  0.01123961]]
