Pesos - camada oculta 1
[[ 0.05984925  0.03264454 -0.14491436 -0.3406519  -0.03826799 -0.00934916
   0.30933544  0.29997736  0.15122734 -0.0736688  -0.24997391  0.09278864
  -0.02618204  0.05473501  0.00761783 -0.00203252  0.01628124  0.03851899
  -0.19326584  0.18804929  0.1417494   0.11963306  0.06514252]
 [ 0.42728272  0.13119216 -0.54526484  0.64248985  0.4352007   0.14047973
  -0.7000882   0.4093104  -0.7547232  -0.10149759 -0.28497633  0.25324187
  -0.2327295   0.19242553  0.00385015 -0.31962526  0.14621407  0.03751043
   0.05807091  0.3698267   0.6134472   0.40575126  0.10352243]
 [ 0.23934011 -0.14402175  0.18845622  0.784595    0.5307415   0.08103714
   0.1997922   0.05581379 -0.23776682  0.29941165 -0.1930251   0.26495543
  -0.255465   -0.5789686   0.16921726 -0.58975554 -0.19662736 -0.05197584
   0.20574148 -0.22556797  0.1614297   0.40357772 -0.57353073]]
Bias - camada oculta
[-0.10779408 -0.14276525 -0.21611927  0.21399789  0.16291557 -0.21221958
 -0.3718131  -0.13423286  0.28563228 -0.05601756 -0.27414942 -0.20679899
 -0.17813076  0.34223932 -0.21741863  0.15488443 -0.17912081 -0.17561123
 -0.24731272 -0.173303   -0.00851238 -0.28337055  0.28303453]
Pesos - camada saída
[[ 0.11051057 -0.06359944 -0.1726794   0.3174373   0.50713205 -0.02789097
  -0.4346713  -0.24208435 -0.33349863  0.04650138 -0.25054088  0.18372114
  -0.0083243  -0.24287546 -0.01042703 -0.32226077 -0.05183778  0.02535992
  -0.20571613  0.16041717  0.15891999  0.36515197 -0.26188806]]
