Pesos - camada oculta 1
[[ 0.19728097  0.04534544 -0.2019768  -0.03408534  0.15350263 -0.20023423
  -0.02202223 -0.04646917 -0.08019755  0.11618045 -0.35453948  0.20933577
   0.11183423 -0.03139548 -0.08347238 -0.23795393  0.11386302 -0.10876087
  -0.27837172  0.44210923  0.19044712  0.18899809  0.00346554  0.02353132
  -0.05772868 -0.30677035  0.3040067   0.17961879  0.16856633 -0.20547053
  -0.12970874 -0.31754246 -0.0977267  -0.38911527 -0.04341224 -0.19444853
   0.10430915  0.14559738 -0.2581412  -0.1289524   0.18931557  0.10748787
   0.3014504   0.211338    0.1630304  -0.01531636 -0.01926694 -0.21067902
   0.25017136  0.34704894  0.22913985  0.27147654  0.01700877 -0.12815447
  -0.11386443  0.155448   -0.0337418   0.08482707]
 [-0.26347446 -0.20856245  0.14832082 -0.19748312 -0.24903288  0.12610035
   0.27302846 -0.22021502 -0.09519656  0.08419453 -0.25562468 -0.18154387
  -0.06713888  0.03643303 -0.04801199 -0.15524173  0.10017078 -0.16875523
   0.11818149  0.14812353  0.14056857  0.01614037  0.14764288 -0.2241759
  -0.2893383  -0.00357188 -0.1257787   0.16739184  0.04714633 -0.28741798
  -0.21545124  0.22897018 -0.16934694 -0.15605338 -0.25932753  0.06268235
  -0.08779643 -0.21148302 -0.27362746  0.12617312  0.07931842 -0.21143723
   0.14853598 -0.05251218  0.22199844 -0.15289615 -0.26063883 -0.24501283
  -0.02233984 -0.16035624  0.04193332  0.14906146  0.06586302 -0.13765016
   0.24802369  0.17948581  0.12074653  0.25056264]
 [ 0.06427482 -0.15942934 -0.23934077 -0.10976766  0.06572519 -0.29656607
   0.00732014 -0.07796979  0.31431746 -0.03978087  0.3492228  -0.08397774
  -0.2793742  -0.1204278   0.14451915  0.09353716  0.02352752  0.13455434
   0.29771233  0.08221129 -0.03696317  0.12718792 -0.3214375   0.33758235
  -0.1672476  -0.29152083  0.06831604 -0.19314817  0.07088318 -0.12062332
   0.4070034   0.16073327  0.21790116  0.11350959  0.3346584  -0.3438697
   0.04421455 -0.23973648 -0.17092933 -0.35446775  0.21138518  0.24895146
   0.17393668  0.00765888 -0.23051304  0.3060766  -0.24124303 -0.03630634
  -0.09814665 -0.29296726  0.2851925  -0.12765123 -0.21626033 -0.03186953
  -0.11167343  0.21279098 -0.26141247  0.15134327]]
Bias - camada oculta
[ 0.02093039  0.12900725  0.06022142 -0.05415008 -0.05431452 -0.2841085
 -0.00121709  0.11256689  0.1711896  -0.49476606  0.30158094  0.05024279
  0.02185445  0.03233714 -0.08558182 -0.17883305 -0.48709345  0.0343517
 -0.02498909  0.10033249 -0.287102   -0.3122632  -0.06363692 -0.09791686
  0.1355513  -0.01786801 -0.04197384 -0.24438655 -0.05649162  0.09334596
 -0.22929823  0.03169187  0.24706955 -0.06052518 -0.22460711 -0.08050632
  0.13240694  0.10304899  0.09788664 -0.24079394  0.00106118 -0.1581458
 -0.01255959 -0.05848774 -0.06558449  0.06931462  0.06277715  0.04678163
  0.17066306  0.03468693 -0.42795724 -0.12009327 -0.02397696  0.12248751
  0.08225388 -0.1888252  -0.14391318  0.08262745]
Pesos - camada oculta 2
[[ 0.1172675   0.01181072 -0.115628   ...  0.03476068  0.02696754
   0.02487683]
 [-0.23443103 -0.21113932  0.21658319 ...  0.1861459   0.05313859
   0.23233198]
 [ 0.03285774 -0.04543469 -0.08525408 ...  0.14299653 -0.21522512
   0.13888995]
 ...
 [-0.11019445 -0.07487957 -0.1751527  ... -0.13344055 -0.14370169
   0.1927573 ]
 [ 0.19624342  0.21706006  0.11495788 ... -0.05404977  0.12601748
   0.100136  ]
 [ 0.15887633  0.14493331  0.0071289  ...  0.1116682   0.05102111
  -0.10769432]]
Bias - camada oculta 2
[-0.07783335  0.25604376  0.00644787 -0.0045168  -0.11674236 -0.03140413
 -0.00056159  0.00195837 -0.01818398 -0.0292181   0.05596665 -0.08931387
 -0.00389819 -0.02089504  0.0477799   0.01780166  0.00757078 -0.07547582
 -0.1631328  -0.00632543 -0.0037856   0.03595642  0.08137803 -0.01139252
  0.07748897  0.01371571 -0.12560561  0.00046375 -0.02844845 -0.00348123
  0.00773762  0.05637378 -0.01133539 -0.04401142  0.03759278 -0.1192726
  0.0165943   0.00676558 -0.04851019  0.02247652 -0.12606952  0.03834756
  0.09360681 -0.01964732 -0.03481021 -0.02563031  0.05377503 -0.02635143
  0.02249049  0.07927547  0.11422938 -0.04447896  0.00634547 -0.01278375
  0.13300176  0.07694236 -0.05725996 -0.00068106]
Pesos - camada saída
[[ 2.03731209e-01  9.38712284e-02 -2.13563859e-01  1.84862918e-04
   1.84282422e-01 -3.72870080e-02 -1.54971154e-02 -1.94064039e-03
   1.07226660e-02  8.31632540e-02 -2.43282720e-01  1.80510581e-01
   1.73149351e-02 -2.24820524e-02 -9.22887847e-02 -4.80051041e-02
   1.80346705e-02 -2.38316189e-02 -2.36211285e-01  1.29345611e-01
   2.23963574e-01  2.19258025e-01 -6.71615675e-02  5.88790663e-02
   3.49038057e-02 -2.16021329e-01  3.13361377e-01  4.93019819e-02
   2.26937145e-01 -1.06510997e-01  4.03979933e-03 -3.00252676e-01
  -1.44694373e-01 -1.48722485e-01  7.26109045e-03 -1.35981858e-01
  -1.24751683e-02  5.98538015e-03 -1.74433529e-01  3.22903842e-02
   1.54292062e-01  9.49326158e-02  1.78041115e-01  2.32972533e-01
   7.39872679e-02  1.64821874e-02  5.09965047e-03 -1.21853620e-01
   1.40717834e-01  2.55433291e-01  1.94466725e-01  1.17941931e-01
  -7.70734670e-03 -1.31097883e-02 -1.20199405e-01  4.12335806e-02
  -2.07227445e-03  9.23123118e-03]]
