Pesos - camada oculta 1
[[-0.01386949 -0.0196753  -0.2977495  -0.08815741  0.08674727 -0.03493021
   0.45088702  0.2549791  -0.0085683 ]
 [ 0.63671225 -0.31185073  0.7376151   0.58386797  0.41073257 -0.71068007
   0.01220972 -0.1639966  -0.47954205]
 [-0.25948018  1.0718343   0.31992838  0.81380546  0.19576284  0.08199963
  -0.53182167 -0.90303254  0.43422687]]
Bias - camada oculta
[ 0.414679    0.89759284  0.24239707 -0.87621385  0.14933358 -0.5612484
  0.76637554 -0.30090854  0.42662948]
Pesos - camada saída
[[ 0.26082483  0.6512321  -0.18037988  0.4680655   0.33798838 -0.27939162
  -0.5693993  -0.36782393  0.05647808]]
