Pesos - camada oculta 1
[[ 0.04136935 -0.22610162 -0.14446323 -0.49941707 -0.11117416  0.00306532
  -0.09597573  0.69749755  0.15474974 -0.25689834 -0.37132126  0.04109197
  -0.03829031  0.06885602  0.00745248 -0.22976997 -0.22715855  0.06384889
  -0.16242036  0.18262145  0.14372438  0.01942778 -0.05776218]
 [ 0.03187223 -0.35414147 -0.33549812  0.46326166 -0.05442968  0.5748463
  -0.02479344 -0.24869803 -0.51671684 -0.33894235 -0.31721634 -0.11887618
  -0.43897855  0.5923929   0.44125     0.07255364 -0.37244585  0.46311688
   0.3508646   0.22504291  0.17551084  0.20774159  0.440892  ]
 [ 0.13035902 -0.12679657  0.16806394  0.61850965  0.5505984   0.09202569
   0.01032054 -0.05750874 -0.3873318   0.33919722 -0.1314275   0.17309934
  -0.2661663  -0.6599126   0.1706552  -0.5985736  -0.19039774 -0.04229439
   0.169798   -0.23439975  0.05237832  0.38987902 -0.634838  ]]
Bias - camada oculta
[-0.24961932 -0.19341496 -0.20423117  0.3821872   0.16586205 -0.17416468
 -0.21914132  0.02483875 -0.20116462  0.22765337 -0.13472828 -0.26981238
 -0.18868962  0.2111703  -0.2083358   0.26812175 -0.20512919 -0.0680013
 -0.22141817 -0.20911266 -0.2599107  -0.1615148   0.20909518]
Pesos - camada saída
[[ 0.10423277 -0.17791864 -0.13279806  0.34982485  0.50477314  0.08409816
   0.07469923 -0.3874777  -0.3114711   0.3978647  -0.3585736   0.08451618
  -0.08963954 -0.30107835  0.07145891 -0.434277   -0.15722004  0.08753996
  -0.13385871  0.21513811  0.19519137  0.1792005  -0.33861795]]
