Pesos - camada oculta 1
[[ 8.35911371e-03 -4.89749551e-01  1.05445972e-02 -6.56904757e-01
  -3.71066034e-02  7.26018921e-02  3.70637119e-01  9.67518806e-01
   3.75076890e-01 -7.26345703e-02 -1.77331135e-01 -6.29198737e-03
   3.28020640e-02  4.08134729e-01  4.01164591e-02  9.49397832e-02
  -2.40606263e-01  1.16963878e-01 -4.07406874e-02  1.54416576e-01
   1.06063321e-01  1.53155401e-02  1.29889429e-01]
 [ 2.17173010e-01 -1.32888272e-01 -4.79031205e-01  4.18724179e-01
   8.78731608e-02  5.20028293e-01 -7.30309963e-01  3.00418526e-01
  -7.70601332e-01 -7.20924199e-01  1.11979321e-01  1.56371132e-01
  -1.28691390e-01  5.42309880e-01  2.37332910e-01 -1.48151666e-01
   1.35668680e-01  1.70357391e-01  1.61239326e-01  1.16179414e-01
  -9.43751889e-04  4.00349796e-01 -2.13226333e-01]
 [ 2.50331521e-01 -3.43536884e-01  2.40675256e-01  4.05295670e-01
   5.31319022e-01  6.76745474e-02  8.97815883e-01  4.25464213e-01
  -3.15549791e-01  3.15271378e-01 -1.74151823e-01  1.59371331e-01
  -2.27525517e-01 -5.83415866e-01  1.60987034e-01 -8.25113058e-01
  -5.06212592e-01 -7.65123516e-02  1.84567139e-01 -3.60164881e-01
  -4.14711572e-02  3.95160079e-01 -9.59840953e-01]]
Bias - camada oculta
[-0.1573008   0.27775514 -0.2374467   0.7767864   0.23476051 -0.20645937
 -0.2896096  -0.6403021  -0.5231196  -0.03774611 -0.27430093 -0.23174188
 -0.26821324 -0.14089002 -0.21498999 -0.6085874   0.3651501  -0.15148298
 -0.262489   -0.25533283 -0.32101992 -0.20785446 -0.2517179 ]
Pesos - camada saída
[[ 0.0598429  -0.3508477  -0.09700201  0.58554995 -0.06047773 -0.01070273
  -0.6833231  -1.0955712  -0.59999454  0.29762882 -0.22584508  0.04530262
  -0.06616914 -0.39246303  0.01113097 -0.8195767  -0.2624927  -0.09846152
  -0.10678064  0.19078021  0.13131122  0.13468273 -0.48582408]]
