Pesos - camada oculta 1
[[ 0.22527264  0.12179714 -0.20276125  0.04118932  0.14026192 -0.15565
  -0.04773282  0.024542   -0.02772487  0.04592948 -0.23544818  0.15603958
   0.0189515  -0.04399054 -0.00458617 -0.08621468  0.00273063 -0.03146315
  -0.22106756  0.19479708  0.2695347   0.2094252  -0.11403634  0.17895295
  -0.03038983 -0.22400701  0.24175994 -0.02158858  0.25613722 -0.23501354
   0.04635721 -0.24492401 -0.19811305 -0.17670514  0.08885757 -0.22342773
   0.04352297  0.07285016 -0.22972474 -0.1303055   0.13792263  0.12412838
   0.27825496  0.25575256  0.04580878  0.04706059 -0.01496157 -0.21087211
   0.27777088  0.26595643  0.10332354  0.09975911 -0.01950792 -0.02404871
  -0.13780317  0.02091678 -0.00670193 -0.01341821]
 [-0.23989245 -0.2733231   0.24273907 -0.2365104  -0.316122    0.08329798
   0.24565516 -0.36315927 -0.01298376  0.0311004  -0.19752763 -0.22124252
  -0.1596421  -0.00054857  0.1150974  -0.1474327   0.09162255 -0.17222872
   0.16078     0.19203955  0.05982317 -0.07674073  0.20836005 -0.39235118
  -0.22558008 -0.056112   -0.23004504  0.14606413  0.0145123  -0.22965373
  -0.26834622  0.3312406  -0.14467134 -0.17097221 -0.25940695  0.05861285
  -0.13696347 -0.3148655  -0.27954307  0.05771051  0.0390518  -0.2504708
   0.14959957 -0.16460115  0.18709221 -0.10171423 -0.2940442  -0.25292584
  -0.0297378  -0.20470867 -0.01065839  0.11485577 -0.07338274 -0.14529982
   0.28515756  0.2611166   0.00983186  0.28680527]
 [ 0.02760341 -0.06520112 -0.13497674 -0.18284355  0.11130978 -0.17679167
   0.01225313 -0.14254187  0.23088121  0.08860569  0.22564943 -0.06019897
  -0.11122946 -0.13046238  0.08753623  0.03870475  0.10368653  0.06613065
   0.1960255   0.3118154  -0.106705    0.14555025 -0.15573396  0.17622548
  -0.12669757 -0.24482979  0.06590668 -0.04990426 -0.02153246 -0.07838792
   0.15314908  0.10767077  0.21639673  0.01602186  0.23349364 -0.21402232
   0.03145858 -0.0298828  -0.16232552 -0.2247618   0.1889821   0.1923918
   0.09870569  0.00503151 -0.1299157   0.18364672 -0.19986723 -0.01723197
  -0.1901925  -0.25744355  0.2766174  -0.08735716 -0.25851518 -0.21937141
  -0.02845602  0.19230115 -0.26606607  0.24556758]]
Bias - camada oculta
[ 0.00172378  0.0078747   0.0009449   0.00195593 -0.05737168  0.01090364
 -0.02652395  0.00100564  0.02665569 -0.0380844   0.04189916 -0.02609302
 -0.09389732  0.03840625  0.12915066 -0.02083434  0.00481373  0.01882615
  0.05882007 -0.09972599 -0.00977989 -0.02354584  0.05583529 -0.01653318
  0.02923785  0.00420241  0.02212468 -0.01025919  0.01240506 -0.00324155
  0.04793328  0.09546833  0.008427    0.06887436  0.04817461  0.00643556
  0.03112548 -0.01326693 -0.01479514 -0.02511511 -0.00927277 -0.00083826
  0.01967488 -0.04966956 -0.06905546  0.01174278  0.01090434 -0.00358251
 -0.01645867 -0.01907347 -0.12950516 -0.0162731  -0.00198902  0.13042699
 -0.05098679 -0.03665355  0.02296683 -0.04104384]
Pesos - camada oculta 2
[[ 0.147762    0.04746227 -0.0842728  ...  0.05690392  0.01722661
   0.00946137]
 [-0.2232978  -0.17026858  0.2876569  ...  0.19787365  0.07087874
   0.22431156]
 [ 0.01027288 -0.08169715 -0.12858482 ...  0.12745225 -0.20210078
   0.16567387]
 ...
 [-0.11889862 -0.08769498 -0.16821058 ... -0.12562396 -0.16937944
   0.20119873]
 [ 0.18560088  0.22669499  0.05244709 ... -0.06816724  0.11722393
   0.12503475]
 [ 0.17760427  0.12691723 -0.01518147 ...  0.12604666  0.08549099
  -0.07996116]]
Bias - camada oculta 2
[ 4.5866007e-03  1.8781362e-02 -1.8208839e-02 -1.6109303e-02
 -3.0815012e-03 -1.0076416e-02 -7.1420646e-03 -3.1395882e-02
 -2.9680869e-03  5.3619822e-03 -1.2212910e-02  1.9322727e-02
  6.7573939e-03  4.8348033e-03 -8.9404089e-03 -8.1068501e-03
  1.9601502e-02 -5.8309152e-03 -1.1584429e-02 -4.1609895e-03
  6.2679482e-04  5.6136269e-03  2.5387028e-02  9.3498966e-03
 -9.0859868e-03  3.5123192e-02  1.2145699e-02 -5.5515640e-03
  5.3236792e-03 -4.1448344e-02 -5.9209738e-02  9.8793732e-04
 -2.0399949e-02 -1.6963813e-02 -3.1436794e-05 -1.7357161e-02
  6.8486128e-03  6.0400129e-03 -7.6890639e-03 -7.5692413e-03
 -4.5418944e-03  8.6499881e-03  2.8985966e-02  2.1219354e-02
 -1.0734921e-02 -1.8264189e-02  8.2572080e-02 -4.3805582e-03
  4.7915954e-02  4.3970430e-03  2.7923457e-02  2.8502639e-02
  5.2055656e-03 -1.4611939e-02 -2.6082430e-02  2.5185004e-02
 -6.2588137e-03  1.5552094e-02]
Pesos - camada saída
[[ 0.06647976  0.05412316 -0.14328428 -0.00434927  0.13463753 -0.08333546
   0.00289563  0.02502662 -0.07245351 -0.01206343 -0.27618715  0.18271154
   0.00900973 -0.01456568 -0.13698417 -0.08695943  0.06103272 -0.01097407
  -0.15163574  0.17084111  0.16151056  0.14317551 -0.03627268  0.1556139
  -0.06200323 -0.17437804  0.23843089 -0.00958397  0.10481971 -0.23010004
   0.02914997 -0.21830003 -0.17358558 -0.23201191 -0.00165687 -0.1762186
   0.00976088  0.04514765 -0.16007234 -0.06208034  0.0803305   0.11318149
   0.24667194  0.23820852  0.04352774  0.01051337 -0.02173778 -0.13786973
   0.26779762  0.19602245  0.15753467  0.17954583  0.06269217  0.00636662
  -0.12516345 -0.01997391  0.02691368 -0.01302917]]
